Afghanistan (Location 0) 
7.079655040585164E-4
0.0015166818378603971
0.0015166818946756525
0.0036577880944127185
0.08636946123448332
0.08638322715964872
0.0874195244916764
0.08929045053489366
0.101162251755327
0.110066102670652
0.11242208361396262
0.11943373106127629
0.12384428348781232
0.12384887212953412
0.12433691362631856
0.2059555470167978
0.20743952216935196
0.21177036949161412
0.2147461988308916
0.24739365218708328
0.2476824930729353
0.34355196906871815
0.34579299355777626
0.34637126304052746
0.347441816140396
0.4038328719374544
0.41125274770022524
0.7080477782110588
0.7992970384962015
0.7999723166349261
0.9847809450605316
0.984830192086725
0.9851533655118759
0.9851602484744586
1.0000000000000002
Algeria (Location 1) 
0.06126007546012899
0.07324273424826239
0.07324291871558529
0.09070204022172204
0.10561836672366719
0.20547385662477888
0.24641460748423466
0.3076746829443636
0.3256486711265637
0.4255041610276754
0.4527648946074328
0.45276489744450665
0.45304889353544037
0.4540474484344515
0.4731490221445035
0.48926730013685743
0.5505273755969864
0.6065803446430044
0.6264898691675462
0.694542868718077
0.7019773015844506
0.7319947385599138
0.7319951588041649
0.7555191320903031
0.757611206467386
0.8693308724306401
0.8939435121610274
0.8984380000928044
0.9156453509224796
0.9256308999125907
0.9497928067283048
0.9744054464586921
0.9940086706059333
0.99550650295445
1.0
Angola (Location 2) 
0.041776039469717176
0.046065239727794784
0.04606907203158327
0.05797524328045267
0.4728365118874928
0.5085798473714729
0.5219481800017823
0.5637242194714995
0.5656041412476368
0.6013474767316169
0.6199378142956411
0.6199540999695295
0.6202599443348048
0.6206173776896446
0.6260112129097579
0.6371608052388927
0.6789368447086099
0.7435515440200828
0.757128756847741
0.7716828640866232
0.7756893827542819
0.7961596420944433
0.8005580020261889
0.8168303800200613
0.8173330497265464
0.9196321784239043
0.9205432672669087
0.9218124049657589
0.9617662362793411
0.9653405698277391
0.979221763408913
0.9844870672406514
0.9978553998709608
0.9983915499032205
0.9999999999999997
Argentina (Location 3) 
0.08775442781529982
0.08974850681286269
0.08974867704567781
0.09651120582002143
0.09666342793336223
0.1834640032724088
0.2922031855652803
0.2934169727811881
0.3191709896400261
0.3344326292600783
0.44221795907669653
0.4423753795319731
0.44549654665859323
0.4454965483609214
0.4454967058262754
0.45147894281896395
0.45147894281896395
0.4618828332410311
0.46491730128080067
0.46491730298312883
0.5145176317482983
0.6022720595635982
0.6995650121414306
0.8264273914831141
0.8267318357097957
0.8477165901873673
0.8478497845365406
0.8478497870900328
0.9203425752852805
0.9207992416253029
0.9208302016378348
0.920830237386726
0.9999999929157465
0.9999999963204028
1.0
Australia (Location 4) 
5.103859393141282E-14
0.030386792581874756
0.030386792581874756
0.08681940737669024
0.09289676589305498
0.09289676589305576
0.09289676589309327
0.09289676589321799
0.09289676589361782
0.09289676589391771
0.09289676589407475
0.11199703551693538
0.11201282250607819
0.11548559880114376
0.28912441355442214
0.28912455500554884
0.2891245550055988
0.2891245550058875
0.28912455500601747
0.29172913722731664
0.42109005421850904
0.5270097312180089
0.5270147670458699
0.6303298618240706
0.6424845788568001
0.6424845788586994
0.6746077595880559
0.6746077595980519
0.6752954164044468
0.713495955650168
0.713495955657087
0.7134959556570908
0.8871347704103691
0.8958167111480331
1.0
Austria (Location 5) 
0.0630155288355572
0.06362494844069512
0.06362495874678044
0.08335882536407685
0.08480627441527593
0.08747786947584796
0.24143259709874945
0.2620598503556537
0.2656219771030831
0.2658769481371932
0.34048153974710577
0.34048154508416195
0.3444143335305741
0.3453048652174314
0.4716467914159701
0.4827784375016869
0.4832237033451156
0.5672444084591919
0.5897479405666352
0.591232016047113
0.6660058091033909
0.6999342113576901
0.6999342236541801
0.701030316053057
0.7021139429480249
0.7055767857358063
0.7091389124832357
0.7100294441700931
0.7221181739822119
0.7341403517547861
0.9597509342521766
0.9724994859576813
0.9946568098788563
0.9959926074091423
1.0000000000000004
Azerbaijan (Location 6) 
0.00264924127244814
0.0026650671446914183
0.002665067363285665
0.0033529837220035736
0.005486644804903322
0.0055439767870719215
0.00891295102145492
0.01682754209727581
0.035872290297755315
0.05015585144811494
0.0601223735435931
0.0601357257190738
0.06170346620438074
0.06172257686510361
0.06379284289377862
0.19472548677207524
0.19710608029713517
0.21542689297264647
0.2270434922017673
0.27941654975308594
0.2806418092394446
0.30813480790513653
0.30814016559031565
0.30816874014165846
0.308186496685475
0.39864905063775263
0.4105520182630523
0.8866707232750399
0.9215003064697257
0.9217583003894844
0.9747568520341918
0.9749657525496805
0.9761653987583163
0.9761940647494006
1.0
Belarus (Location 7) 
0.059068333387811284
0.05918806223176224
0.059188064555890894
0.0635124013159718
0.06713705169465892
0.0682628632027907
0.15472520627770286
0.23648264276667097
0.23798372477751334
0.23829209272124718
0.2691016209400876
0.26910167517696465
0.30933662690489405
0.30971189740760463
0.3468331314222677
0.4478729821775018
0.4480606174288571
0.5046957795958432
0.7841255009718346
0.784384601727951
0.7989986209460588
0.8064334455511102
0.806433466589335
0.8066501310388332
0.8069462014434726
0.8076716835605985
0.8091727655714408
0.8095480360741514
0.8874497511218445
0.8925159029084375
0.9561811622848867
0.959664343515938
0.9937552727130775
0.9943181784671434
1.0
Belgium (Location 8) 
0.061862883387668946
0.06397057955316925
0.06397064840664887
0.0916587724957662
0.09296569584328329
0.09642671135442296
0.1299886058662064
0.13696327319664062
0.14141315028239163
0.1433908734316143
0.1873312776133499
0.18733127791196774
0.18809616405331528
0.20592106265654192
0.28961707062175257
0.3514799540094215
0.35197438479672716
0.3782046712617831
0.3857908494628949
0.40047017772437565
0.4507993031923097
0.5269416444373823
0.5269417250371461
0.5314410012673823
0.5398463246515786
0.5733990749635346
0.5936256102217938
0.6250813136392526
0.638852214033407
0.6604736827577531
0.8240433405285388
0.922929497989672
0.974844730656767
0.9790295310550275
1.0
Bolivia (Location 9) 
0.03595415859754466
0.05431281542070232
0.05434058931286704
0.08733381720237861
0.08967046235088083
0.1150486056064223
0.19076383371183986
0.19668569512790604
0.2812837153574229
0.31746106850893946
0.4254531674686904
0.44597166627104307
0.4611993099123561
0.4611995876512777
0.4612252785015301
0.49041159548071345
0.49041159548071345
0.5746454326693191
0.5894500862094846
0.5894503639484062
0.6040905077759973
0.6818448190270179
0.7558194068144473
0.8195347452007002
0.8242080354977047
0.8385896989367225
0.8406342634416619
0.8406346800500444
0.9252327002795613
0.9322426357250679
0.9369674985533187
0.9369733310706734
0.9999988561416634
0.9999994116195067
1.0000000000000002
Bosnia_and_Herzegovina (Location 10) 
0.07412453402307047
0.07474184011626823
0.07474184901311377
0.1020268826679975
0.10484835520702088
0.10624076232928611
0.13687658959090995
0.14761268826373025
0.1519208514723961
0.15208803986972286
0.23984467210393273
0.23984468357162
0.24279652248982841
0.24326065819725015
0.3090192625682745
0.41974812004219014
0.5154850802347646
0.6143177922655252
0.661003472713987
0.6621415767166837
0.7010599344056573
0.7479710449000188
0.7479710632772788
0.7490675842533531
0.7497781349419919
0.7934455630215312
0.7953021058512182
0.79576624155864
0.8028530323929763
0.8091188644431699
0.9582199386275071
0.9665793584938452
0.9972151857554691
0.9979113893166017
0.9999999999999996
Brazil (Location 11) 
0.09555649361223531
0.09576987719679499
0.09577394946783946
0.09649759814591141
0.11014852580480217
0.11324608859821497
0.35725642050088724
0.357386306161054
0.35830536325360507
0.35884998967882054
0.3626964138069046
0.36300820184661475
0.3633421935441864
0.3633422342668968
0.36334600111761295
0.36398615187129196
0.36398615187129196
0.3650994575298642
0.36542417168028113
0.36542421240299156
0.36719424828494174
0.37032585022993053
0.6092170842605188
0.6137442914201221
0.6410461467379036
0.6417950080725748
0.6537395697741043
0.65373963085817
0.6563266063779434
0.6972793893546156
0.6979721896899309
0.6979730448668503
0.9999998193198083
0.9999999007652292
1.0
Bulgaria (Location 12) 
0.049583162158338676
0.049854114520547436
0.04985411832511376
0.06201657043499726
0.0692016012894972
0.0699295337159286
0.08358562029544692
0.13208457856332156
0.13400496573856632
0.13407578627508585
0.1951485485383354
0.19514857881372433
0.1984634372219232
0.19870608136406698
0.23135095396553906
0.5270864567659035
0.5697617273268982
0.6820278344284599
0.8067163166902352
0.8071905504007831
0.826510985205736
0.8474218677806233
0.847421882743691
0.8479045379926292
0.8482055252728371
0.8717050359467456
0.8726756125153208
0.8729182566574646
0.8783350801019059
0.8816107760208471
0.9813470217416433
0.984888048567619
0.9985441351471374
0.998908101360353
1.0
Burma (Location 13) 
4.3331546375352593E-7
0.03411311058697361
0.03411311058703262
0.09639294617046404
0.10304811672887151
0.1030481257722231
0.10304876004558308
0.10305008927809657
0.10305736410893535
0.10306282023206442
0.10306449408041474
0.39956607107091396
0.5860751275649376
0.5860751913569451
0.5860783809573157
0.8251925559496538
0.8251934653035087
0.8251965422306232
0.8251984142094017
0.8593110914809116
0.8593134677331876
0.8593944889259099
0.9245807168365681
0.9399092444926591
0.9710491622843748
0.9710837177308589
0.9710882645001331
0.9712701352711024
0.9713472518280308
0.9998313373497416
0.9999875227814954
0.9999875573810624
0.999990746981433
0.9999909064614515
1.0
Burundi (Location 14) 
0.05376426979926292
0.05579084846691677
0.05579114116449273
0.07111395805728266
0.11158666402127151
0.12847481958505358
0.14567938592081772
0.16406686307898455
0.1664862552199514
0.1671318797086848
0.19028648057452452
0.1905133069642537
0.1913744865903258
0.19154336814596362
0.20331112906129237
0.2741062687114642
0.3278705385107271
0.48635830285586223
0.5162070644380968
0.525698128775116
0.5326627219699024
0.5590072141715412
0.5594007949192428
0.5651851814081666
0.5655294190575804
0.6719528642696924
0.6724908846769702
0.6940117009680837
0.9471252430249633
0.9488140585813415
0.9774162158172388
0.9814660705162236
0.9986706368519878
0.9989239591854445
1.0000000000000002
Canada (Location 15) 
8.298008508157093E-5
0.027515417816228474
0.06686098855605965
0.13782751225185272
0.1420020136457229
0.14207967449458128
0.14223180465056418
0.1422318100558806
0.14819538347569514
0.14833368361749774
0.14847943069001282
0.14848012453846432
0.14848013843784935
0.14887359414524767
0.23594176607454
0.23594197421893026
0.23594197421893026
0.2361526159733681
0.23615267785413277
0.23794174988007713
0.31308277496974035
0.3733148665098672
0.47648468667265886
0.5724982187316731
0.6142432326703748
0.6231885928000966
0.645850171795392
0.6494283158472807
0.6959441885218342
0.7758560723473491
0.8897603246658069
0.8980228945211715
0.9904582825282969
0.9928437118962228
1.0000000000000002
Cambodia (Location 16) 
2.6879574808479587E-8
0.0714302983741501
0.07143029837415385
0.21053295193672872
0.22285407648556216
0.22285407692678344
0.22285410569536113
0.22285417256242965
0.22285450062669154
0.22285474667488797
0.22285483087786315
0.3842227631238643
0.4857283979237682
0.4857286197783452
0.48573971250719583
0.6158751417378419
0.6158751827458746
0.6158753375307554
0.6158754256786616
0.6873056971732369
0.6873139612562306
0.6873207278208294
0.8329148385496578
0.8707641481599406
0.940315474941228
0.9403170332464721
0.9403190854013095
0.9403272870078571
0.9403306359235318
0.9999749126215022
0.9999816952355272
0.9999816969973961
0.9999927897262468
0.9999933443626894
0.9999999999999998
Cameroon (Location 17) 
0.058874053004945366
0.0643519416396073
0.06435354982033212
0.08113265492674154
0.291469750186181
0.337118822141697
0.3559585191032795
0.4148325721082249
0.4174819044934474
0.46313097644896345
0.48932993003616415
0.4893317387851088
0.48972785101005206
0.49018434172960723
0.4978148962644945
0.5322025307808319
0.5910765837857773
0.6727611538398711
0.6918952210664784
0.7118866979707019
0.717418510946416
0.7462667969188392
0.7466798897085901
0.7657034056823897
0.7663207941569332
0.91120988922343
0.9124978469231503
0.9142932715195944
0.947920411848431
0.9524853190439826
0.9711579649029277
0.9784213587210866
0.9972610556826691
0.9979457917620018
1.0
Central_African_Republic (Location 18) 
0.07015924238535445
0.0741601115492638
0.07416076432163078
0.09415614840145681
0.11371773632842605
0.14705831269433728
0.1695092702576507
0.23966851264300515
0.2428256785503461
0.27616625491625735
0.3073871177777401
0.3073957195057283
0.3080520718064095
0.30838547757006857
0.32108332132666517
0.3796257504557786
0.44978499284113305
0.5886186461957835
0.6114203999710237
0.6284864961002721
0.6360015464868293
0.670379575255653
0.6705433447895804
0.6828160326047001
0.6833750075741495
0.8408393018450698
0.8412363083154041
0.8431147459235119
0.9379171827837381
0.9412512404203293
0.9689724317435626
0.9755486078547317
0.9979995654180451
0.9984996740635338
0.9999999999999998
Chad (Location 19) 
0.07783806293518224
0.08260605221600688
0.08260653814028793
0.10479038607681487
0.11537689163835498
0.15511013564522702
0.18001831578448535
0.2578563787196676
0.2613590915517508
0.3010923355586228
0.3357302735647789
0.33573136392498226
0.33631647819426763
0.33671381063433636
0.34598509072667394
0.39722189056962853
0.4750599535048108
0.5969521763960965
0.6222495468500308
0.6428161593977176
0.6505652485110849
0.6887058993493241
0.6887521014000184
0.7028926224585637
0.7035613845607905
0.8854240068807947
0.8869850466121773
0.8891665242809625
0.9338830034217498
0.937856327822437
0.9648400357823662
0.9727078252203291
0.9976160053595874
0.9982120040196905
0.9999999999999997
Chile (Location 20) 
0.041286426406992593
0.05245804767006118
0.05245823242990426
0.09034460019161511
0.09036572726530692
0.14525238825342648
0.23219674503991677
0.23899686233048026
0.33614139505281576
0.39782817333149884
0.43620026375682136
0.4365444768986376
0.45403049278865804
0.45403049463625644
0.4540306655391113
0.4875455293283171
0.4875455293283171
0.5458322489617183
0.5628325421881271
0.5628325440357255
0.5651282963110509
0.6622728290333864
0.7531029671287701
0.8138183000802298
0.8138605542276135
0.8303751247904105
0.8303936109798908
0.8303936137512885
0.927538146473624
0.9276015276946994
0.9276272768534941
0.9276273156530611
0.9999999925312011
0.9999999962263979
1.0000000000000002
Colombia (Location 21) 
7.881889367344562E-4
0.013366177133861425
0.014110449300533952
0.15859267573427535
0.158626564341366
0.32750189393924556
0.49074804588386245
0.49077323437917436
0.4914906884113301
0.5890631010678827
0.801095459340776
0.8041590240732452
0.8042237944897616
0.8042312372114283
0.8049196889656004
0.8050438322639233
0.8050438322639233
0.8176205716919551
0.8176835429302348
0.8176909856519016
0.8184286496567941
0.830037947590362
0.8827956203060889
0.9393965671931603
0.9395279320159494
0.9395891040759926
0.9397608888442552
0.9397720529267554
0.9401318885740682
0.9406876628243296
0.9990355525165575
0.9991918496715587
0.9999699336219248
0.9999848190652583
1.0000000000000004
Crimea (Location 22) 
0.028991088525364136
0.029132562321364828
0.02913256433679453
0.03548664444300522
0.04723554368897453
0.0478724284532489
0.0744491906656009
0.15375426057589375
0.15699129347614962
0.15941906815134152
0.2592847117420807
0.25928537848628685
0.271652782684114
0.2718650776055388
0.2943344391823496
0.44821554261233887
0.44862017172487084
0.6321967224431413
0.7402855610110302
0.7491874014867338
0.7624855950730096
0.7734101538521087
0.7734104386079282
0.7736621663782218
0.7738558569276276
0.789231763203843
0.791254908766503
0.8721807312728999
0.9077649598196157
0.9106309412588504
0.9814410359519476
0.9837197482978978
0.9956352664925433
0.9959537088746805
1.0000000000000002
Croatia (Location 23) 
0.06408800145724523
0.06478705243290166
0.06478706324710572
0.09143162914430479
0.09306561055369501
0.0950279557552807
0.21105821423466056
0.2256264865894574
0.22983352331006776
0.23006615068889233
0.3059404512647114
0.3059404574667357
0.3089046734370096
0.3095587885042048
0.39878945667733534
0.4592951003928941
0.552784805295347
0.6382354739050073
0.6686196279983045
0.6701289612263683
0.7229389485125068
0.7687489039147087
0.7687489200657613
0.7699946090046207
0.7709832753646251
0.774505052896774
0.7771215131655549
0.7777756282327501
0.7863562027990904
0.7951867562062259
0.9545272350868161
0.966158604028044
0.9960753095968289
0.9970564821976218
1.0000000000000002
Cuba (Location 24) 
0.025974890687056378
0.04413932276716314
0.11982445643427467
0.17356090133792385
0.17444152015471806
0.1987513537464503
0.2463719866727203
0.24637539502116212
0.25621446239788664
0.29950594687631393
0.345128511288195
0.3456133574187857
0.3456221217433504
0.3463789730800215
0.4163877217220997
0.41640452001084866
0.41640452001084866
0.48234078098568406
0.4823493018567886
0.48310615319345973
0.5587912868605712
0.5947417253524492
0.6409096568893872
0.6972950814713853
0.7419493103349811
0.743836350656683
0.7733535527868565
0.7744888297918632
0.784301439464713
0.8599865731318245
0.9216699570705204
0.9375638351406138
0.9969766650692964
0.9984903677426387
1.0000000000000002
Czech_Republic (Location 25) 
0.04294237472136476
0.043745601976013494
0.04374561775771691
0.061858952578131746
0.06284939888316128
0.06766695748588246
0.353491052477134
0.4149432329002531
0.421366644370548
0.42180049168377703
0.4726403146297606
0.4726403183053078
0.4771076978578279
0.47871355072540167
0.5623386281731853
0.5824117890178568
0.5832147154516437
0.64047121508013
0.6611267723314803
0.6632656881268006
0.7127580809020195
0.7439003056809783
0.7439003221116823
0.7453786099476379
0.7472224610288614
0.7522132645512755
0.7586366760215704
0.7602425288891441
0.7773252285309056
0.7990042422431509
0.9483347376856216
0.9700271033470742
0.9903648827945575
0.9927736620959181
0.9999999999999999
Denmark (Location 26) 
6.293240944595456E-4
6.301153388989267E-4
6.30115352058399E-4
6.643752633403162E-4
7.245839347340094E-4
7.30894594038208E-4
0.0016520791381021806
0.00205848767000961
0.00478293422443378
0.006826269140251907
0.007338042847098299
0.007340619037384665
0.007769289072741168
0.007771392625842567
0.008027233528719513
0.026757803590385675
0.027098359409688695
0.028039119900215154
0.02926782022251385
0.036760048247180314
0.03685304069043608
0.26283382252662907
0.2628345315525382
0.26283593928969873
0.2628375988588064
0.27577871999232123
0.27748149908883635
0.3455926629494406
0.5606828046971424
0.5607112026640113
0.9963368062036604
0.9963563305461041
0.9965912864773175
0.9965944418069697
0.9999999999999999
Democratic_the_Congo (Location 27) 
0.05236804259895244
0.0568699949299801
0.056872123328536694
0.07179701546923814
0.3362599369232959
0.37377620634852643
0.39053397998019124
0.4429020225791437
0.44525858449609657
0.4827748539213271
0.5060786328778609
0.5060882013375673
0.5064966356542335
0.5068717983484858
0.5133730408639798
0.549700823345701
0.6020688659446535
0.6886006521378851
0.7056202659825447
0.7221006011269303
0.7272689681585548
0.7529293090320415
0.7542974610477372
0.7702309552695776
0.7707415735213854
0.896245933768619
0.8973410487569576
0.8988707528782504
0.9530141947593945
0.9567658217019176
0.9749839766521423
0.9809912502028216
0.9977490238344864
0.9983117678758648
1.0000000000000002
Dominican_Republic (Location 28) 
0.0024162002557530033
0.03840746586057574
0.06109515438984302
0.08999536617199241
0.09028163663889872
0.15926489571480895
0.19191838175438036
0.1919238370269382
0.19487323653574293
0.25085964969880054
0.3858268957168858
0.3864402687408196
0.38645429658453967
0.38668117346983233
0.40766728535940455
0.4076941720598681
0.4076941720598681
0.413827603478318
0.41384124165971253
0.4140681185450052
0.4367558070742725
0.4475324591256744
0.5984958231903476
0.7604565184120499
0.7738422546443176
0.7744556913591167
0.783303889885531
0.78364420521347
0.786834076130426
0.8095217646596933
0.9764812467709543
0.9812456613621005
0.9990554968575752
0.9995092506281605
0.9999999999999999
Egypt (Location 29) 
0.018112203010728748
0.018403326603367527
0.01840333145536817
0.027165360336982525
0.11040870695863411
0.1106789022871247
0.12051696980332327
0.153735998890989
0.1551194771354544
0.15572736395048772
0.19755873391273346
0.19756014654445692
0.19920347572862124
0.1992935408381181
0.2119425700104482
0.3177776117994362
0.34852157278755674
0.5276596083760134
0.5565724670263892
0.558801385348178
0.5662875454705775
0.5813520863547565
0.5813529620872411
0.5819193313682626
0.5820730147525817
0.6147607942474699
0.6152673665933309
0.6355302604277748
0.9495571790711481
0.9507730580493557
0.9872056503123159
0.9890136901278345
0.998851757644033
0.9989868553082782
1.0000000000000004
El_Salvador (Location 30) 
0.04401803706259539
0.06094805131743977
0.06646979332027973
0.12854651225470914
0.1286126108672538
0.16980897888737514
0.2505087135021334
0.2505149916407246
0.29058269204385634
0.363946087148182
0.44125981891197136
0.44214940316009593
0.4421655469450448
0.4422207643650732
0.4473283757177001
0.44735931797218537
0.44735931797218537
0.5590974120541583
0.5591131074006364
0.5591683248206648
0.6003646928407861
0.6438183960948867
0.6974301079018939
0.8102968696008565
0.817633209111289
0.8177748489953133
0.8273685237397251
0.8274513498697678
0.8281878772666942
0.8592262367339089
0.955162984178027
0.9563225499986234
0.999776253252724
0.9998866880927808
1.0000000000000002
England (Location 31) 
0.015840806302326645
0.01720236639175043
0.01720244106908198
0.04908740572668828
0.04992904123380572
0.05391466181600651
0.05856665878820445
0.06047348202933979
0.06559785134931223
0.06787534882485553
0.07988833524400818
0.07988833549937556
0.08011173506669673
0.08238923254224004
0.15469977739074003
0.2685746511679054
0.26914402553679123
0.27868178851500475
0.28082695333968866
0.2845857887334611
0.3227338714488115
0.4104175242572288
0.41041761342290156
0.41385997306133204
0.4235393373323911
0.4321309610895852
0.5460058348667506
0.5488527067111797
0.5538600322747418
0.5766350070301749
0.6185191728464962
0.7323940466236615
0.7921783553566732
0.9060532291338386
1.0
Estonia (Location 32) 
0.10404949298896145
0.1041275801669523
0.10412758229666953
0.1062115659801722
0.10714548016375301
0.10808605960474832
0.26039038992192376
0.26594554371095064
0.2671996496322777
0.26726332440538964
0.28340993814247567
0.2834099514602994
0.35428424378611373
0.3545977702664455
0.4040891403868666
0.4585975868980997
0.4587543501382656
0.5203660557983817
0.7611056203248103
0.7613311709802357
0.7682287535475346
0.771811743038469
0.7718117479736796
0.7719588434495488
0.7722294612352745
0.7728610030704656
0.7741151089917926
0.7744286354721244
0.911653329124233
0.9158859366087119
0.9433195036377415
0.9465032422933374
0.9919545005671935
0.9924247902876911
1.0000000000000004
Ethiopia (Location 33) 
0.03127911177356647
0.03184562955764823
0.031845653777049954
0.0407602006325164
0.09637886875595933
0.09657919268528302
0.10658850845282429
0.12879160417573715
0.13109366054094437
0.13282020281484977
0.16077965668814742
0.16110812422273066
0.16224266627798392
0.1623094409210918
0.17178266816471724
0.24458845590862438
0.24487621295427528
0.38586660303341147
0.40519151968113193
0.41152217468545177
0.4171287785643321
0.4324555433333797
0.43283629245539623
0.4341600630847282
0.4343200918913096
0.44525485962604383
0.44669364485429836
0.5042450539844786
0.9583343685143777
0.9592358261963343
0.9851302599691537
0.9870129518112878
0.9970222675788291
0.997122429543491
1.0
Finland (Location 34) 
0.12039117788648587
0.12045918797606449
0.12045918995710646
0.12219503699046419
0.12294573215906936
0.12377725809060999
0.3000020257215531
0.3052894273167842
0.3063981285588384
0.30645639146196857
0.31966569393645855
0.3196657056190024
0.40167129055617395
0.4019484658666875
0.4490544073514736
0.49380494666765323
0.49394353432291
0.5525856247427458
0.7486426834575121
0.7488460841241737
0.7549439409554717
0.7579283797145779
0.757928383983894
0.7580574732632269
0.7583050906015302
0.7588746124681829
0.7599833137102371
0.7602604890207506
0.9190372598565508
0.9227791265484837
0.9462004402868782
0.9491135854433871
0.9923741439498234
0.9927899069155937
0.9999999999999997
France (Location 35) 
0.0012112952570938638
0.0012148662512413827
0.0012148663024958873
0.0013752527605374726
0.0016718198977713303
0.0016914958288869056
0.0034645512052127064
0.005466379381541247
0.02582359278848486
0.04109150284369257
0.04361232351018036
0.04361476764933469
0.044439852824456595
0.044446411468161785
0.04505269232817669
0.18500853450091403
0.187553186176782
0.19218704769606101
0.19666317338317618
0.2526455102522711
0.2530043295367697
0.27942241410472424
0.27942325389707545
0.27942960807616857
0.27943505371981525
0.37613181740279744
0.3888550757821372
0.8977854109557275
0.922930334821612
0.9230188765116321
0.9739453045944361
0.9740093709902792
0.9745436452757626
0.9745534832413204
0.9999999999999999
Germany (Location 36) 
0.022375649262848345
0.023079919012092564
0.02307993683974213
0.034130129879324
0.03478056654859067
0.04349485051772699
0.2066938033692191
0.22121760998444628
0.23283665527662803
0.2333758471148129
0.2585830726338121
0.25858307517603746
0.2640050474178062
0.2669098087408517
0.368576455047442
0.40488597158551
0.4063383522470327
0.4833687749245393
0.4903621231188619
0.4923626965727507
0.5562674456797504
0.5752660231864
0.5752660443010204
0.5766172141154872
0.5789087794277729
0.5845103850986616
0.5961294303908433
0.5990341917138887
0.6394751636195797
0.6786894414806931
0.9241417732780326
0.9511013651872757
0.9825714320617276
0.9869285740462957
1.0000000000000002
Greece (Location 37) 
0.03200088961757905
0.0324296740591302
0.03242968006407193
0.049021300049367486
0.05347712331956523
0.0539898278983053
0.0726190152502161
0.10269582232405088
0.10531555179541333
0.10888875547500625
0.14676325327168707
0.14676329766580662
0.14846471532707622
0.1486356168533229
0.17288183777385469
0.32432409192872913
0.3825403024034504
0.7434273571251163
0.8072786859039283
0.8077913904826683
0.8221411947009423
0.8506671378335557
0.8506671668525967
0.851451228839526
0.8517549511522914
0.8979274722185474
0.8986110783235342
0.8999782905335076
0.9100954236540845
0.9124025942584147
0.9767721998110163
0.9803454034906092
0.9989745908425199
0.99923094313189
1.0
Guinea (Location 38) 
0.0033240389862846755
0.004308542150886715
0.004318752632612847
0.0047496903474277385
0.9286999038023079
0.9369040968406582
0.9402678159863819
0.9417798781436271
0.9432566328905301
0.9514608259288804
0.9521336935888545
0.9521378020008878
0.9521440101457666
0.9522260520761501
0.9526176700612101
0.957090013424575
0.9586020755818202
0.9694203115553649
0.9707499271498787
0.9730730576250105
0.9733469864566504
0.9740878969137006
0.9754014965484843
0.9819287003760978
0.9820788260486445
0.9906880742800149
0.9907537542617542
0.9908458996700036
0.9956204283957579
0.996440847699593
0.9970292851602552
0.9978469831651504
0.9995077484176985
0.9996308113132738
0.9999999999999996
Honduras (Location 39) 
0.04364168494386827
0.0604269483838176
0.06926126181228257
0.13080722775876347
0.13091138550546966
0.1717555265426797
0.25176528227310485
0.25177510065582975
0.2915002241303765
0.3642363657034903
0.4408890687459256
0.4423055551939312
0.44233080246379525
0.4424191455980799
0.45059088551940996
0.45063927611998267
0.45063927611998267
0.5614220148236483
0.5614465607804605
0.5615349039147451
0.6023790449519552
0.6454612211144918
0.698614555340998
0.810516311607327
0.8177899257646384
0.8180131209361516
0.8275247702187896
0.8276572849202165
0.8288178998120855
0.859590882785326
0.9547073756117056
0.9565625814316833
0.9996447575942199
0.9998214438627891
0.9999999999999998
Hong_Kong (Location 40) 
4.342523189539535E-9
0.0952072269016596
0.09520722690165997
0.1904144494607964
0.1908954184179109
0.19089541849274816
0.19089542484919514
0.1908954351172907
0.19089550595239463
0.19089555907872258
0.190895572008917
0.38768563158972535
0.6249912916724648
0.6249913501894226
0.6249942760373125
0.63264504381154
0.632645052665928
0.6326450764346677
0.6326450928691739
0.7278523154283103
0.7278544951849882
0.727856279952201
0.8230635025113374
0.8252839856145084
0.9204912081736448
0.9204915446403884
0.9204920859222481
0.9204938567998461
0.9204949424535477
0.9999929732904266
0.9999951720827337
0.9999951723509816
0.9999980981988714
0.999998244491266
0.9999999999999999
Hungary (Location 41) 
0.10794447576875334
0.10831622163319843
0.10831622748060726
0.12305336686210382
0.12552933329030355
0.12711407054274598
0.21281965638521672
0.2239730766295477
0.22608605963280426
0.22622412237871106
0.3540204557601087
0.3540204648916126
0.35830670123468633
0.35883494698550045
0.42714964598202787
0.48803998680670163
0.4883041096821087
0.6322300773737798
0.66673324780532
0.6675681920332305
0.7079993404189304
0.733336878302907
0.733336887375199
0.7339995801487926
0.7345863468188966
0.7365345500173545
0.738647533020611
0.7391757787714252
0.7491194144094203
0.7562507320454112
0.9733804246837081
0.9802835619790489
0.9968305254951152
0.9976228941213364
1.0
India (Location 42) 
4.388468509195539E-5
0.0021927045311546456
0.0021927045369055822
0.020024157207952326
0.8360872250766473
0.8360879298264394
0.8361271196082276
0.8362362938863865
0.836646697606005
0.8369545003957188
0.8370919791163635
0.8792012662495556
0.9056893662204346
0.905689601137032
0.9057174502018236
0.9396765527285915
0.9397278531935438
0.9399805714300229
0.9401124234041568
0.9412410336331075
0.941257515732678
0.9439047739205985
0.9625683610496274
0.9676978019724867
0.9766135283080101
0.9785629459761976
0.9788194483009591
0.98907954129142
0.9915992207714888
0.994366997044015
0.9994701453580784
0.9994730570274643
0.9994866429755809
0.9994869953504769
1.0
Indonesia (Location 43) 
9.219800111798099E-10
0.08947646349012577
0.08947646349012606
0.14347499774828715
0.14568349210125478
0.1456834921153729
0.14568349278973866
0.14568349505180153
0.14568350199021227
0.14568350719402032
0.14568351004254393
0.35349981020081794
0.642133560420643
0.64213408526388
0.6421603274257345
0.6436755156905268
0.6436755165578282
0.6436755217940848
0.6436755241629217
0.6465722194546494
0.6465917698652309
0.6466077775839622
0.7031262434408374
0.9167152186035079
0.997532668665059
0.99753270162251
0.997537556422453
0.9975377298827214
0.9975378582415134
0.999956598810106
0.9999567003663661
0.9999567004329398
0.9999829425947943
0.999984254702887
0.9999999999999997
Iran (Location 44) 
0.00443492450612806
0.004465483673112631
0.004465484126440893
0.005650255242331059
0.013036878086536795
0.013107039540591042
0.0161587053676662
0.027183165376810897
0.04342320447576725
0.05560323379998452
0.06948588714483339
0.06963201602663013
0.07105209814417995
0.07107548529553137
0.0738923147140973
0.18554258351942227
0.1875725884067918
0.21309217176129341
0.22471664848463915
0.26937675600676914
0.2710438591320429
0.3014984485410961
0.3015676112694611
0.3016246346147631
0.30164966787786396
0.3787898535979066
0.3889398780347543
0.7949408555086632
0.9190167233209514
0.9193324498641955
0.978040092098515
0.9783346010761726
0.9796648703992774
0.9796999511263045
0.9999999999999999
Israel (Location 45) 
0.011634916916253703
0.011769469980732188
0.011769472109102118
0.016288576448251137
0.05141880497293482
0.051589617662838094
0.056663699727847516
0.08168670335811402
0.08305943205042322
0.08408897856965512
0.11559942758554628
0.11560188459711312
0.11705087987482074
0.11710781743812183
0.12487750560016751
0.19427320072103807
0.1944447918075767
0.2920253430601685
0.31380462399762266
0.3175796279014729
0.3221780147728877
0.3299477029349334
0.32994913592808534
0.3302063187089081
0.3302888171555145
0.3368092784439832
0.3376672338766764
0.37198545118440635
0.9679818051503066
0.9687504622548714
0.9921540307645771
0.9931246007246525
0.998198682789662
0.9982840891346136
1.0000000000000002
Italy (Location 46) 
0.13840704905272286
0.1392852223480461
0.13928523465143924
0.17873124363146525
0.17915141483057515
0.17970564991674484
0.22399590561361615
0.362402954666339
0.36863127187371153
0.3687917210908177
0.4303828579192794
0.430382860010288
0.43095055765785034
0.4311353026865736
0.4440993666775834
0.46118828183448235
0.5995953308872052
0.7262377807704465
0.7712200717125814
0.7723639597117882
0.7831428021052187
0.8509622561410529
0.8509622800485995
0.8525249385837219
0.8532068477564232
0.905057491138242
0.9057964712531349
0.9088468392510195
0.9115623860971931
0.9140564439849567
0.9465788132754797
0.9546012741307891
0.9988915298276604
0.9991686473707452
0.9999999999999997
Japan (Location 47) 
9.787016600669329E-10
0.032544452473579476
0.03254445247357951
0.06508890396845732
0.065118329348742
0.06511832936093946
0.06511833079353174
0.06511833216555422
0.06511834472508925
0.06511835414474051
0.06511835587247253
0.8612530777359029
0.8745455034345165
0.8745457483596104
0.874557994614303
0.8749032237522327
0.8749032253221746
0.8749032284981525
0.8749032312674494
0.9074476827623272
0.9074568062220731
0.9074642764374355
0.9400087279323134
0.9402568950477903
0.9728013465426681
0.9728014062004595
0.9728036717575776
0.9728039857459533
0.9728045147367801
0.9999791317350031
0.999979793640191
0.9999797936797572
0.9999920399344497
0.9999926522471844
0.9999999999999999
Jordan (Location 48) 
0.013365920735999058
0.013501402278487801
0.013501404358379186
0.018274554537515593
0.05059527926018093
0.050791935620666466
0.05615126213759156
0.08615572094364013
0.08821175247203138
0.08975377611832482
0.1275371686889045
0.12754040329328684
0.12940985314210213
0.12947540526226398
0.13828263435500301
0.21778981198514347
0.21804681592619238
0.3218328891244999
0.34794788104828295
0.3536019677513589
0.3588144094593065
0.36702087818834805
0.3670226983145854
0.36727918109536917
0.3673685544929568
0.37713470425281526
0.3784197239580598
0.429820512167841
0.9631504277890073
0.9640353814111922
0.9909208541560178
0.9919723058923431
0.9973316324092681
0.9974299605895109
1.0
Kazakhstan (Location 49) 
5.918780160877258E-4
0.0011206082849402588
0.0011206083094667397
0.0018898502896821713
0.020968270138728446
0.020976795083677526
0.021843167252153763
0.02279828597150093
0.031617840810677644
0.038232506940060175
0.03943524903108994
0.04253520193930082
0.04448517231704637
0.044488013965362734
0.04475735248954766
0.10539179200888756
0.10649423636378465
0.10870515932523642
0.11064448486798144
0.1348982606757174
0.13505766510839826
0.28557148108800345
0.2863766210272956
0.28657301283146486
0.2869576338215726
0.32885051930766196
0.3343627410821474
0.5548516120615652
0.6981117501626353
0.6985532399371271
0.9887003550785348
0.9887283110729316
0.9889712939785548
0.9889755564510293
1.0000000000000002
Kenya (Location 50) 
0.04047557471470446
0.04155613441878151
0.04155622979030944
0.053091768584000214
0.10305548930796417
0.11206015350860626
0.1250123374173117
0.14537861900254626
0.14707687319274623
0.14835056383539622
0.1739969924982842
0.1748081618640466
0.17579456294748752
0.17588460958949395
0.18622711238191558
0.2579526962709197
0.25816497804469474
0.4083173616102831
0.43855841860132266
0.4432286176243726
0.4493496907056017
0.4691827223158069
0.47054096531222406
0.4733671358886409
0.4735946243922182
0.5451339977165564
0.5461954065854313
0.5886517613404307
0.95439223125765
0.9552926976777143
0.9821135930543314
0.9847899283905351
0.9977421122992406
0.9978771822622502
1.0000000000000002
Laos (Location 51) 
6.602979555517544E-8
0.071052871976319
0.07105287197632786
0.13760418288758347
0.14398855582347203
0.14398855716439954
0.14398865381670897
0.1439888500244492
0.1439899597067234
0.14399079196842907
0.14399103904484267
0.3905716058855209
0.5503815705790724
0.5503816804099962
0.550387171956184
0.7492424677954407
0.7492426065057249
0.7492430606903088
0.749243340530961
0.8202961464774844
0.8203002376793943
0.8203136911017417
0.8899707298555225
0.9073156472759601
0.940591302731588
0.9405965737223905
0.9405972672738119
0.9406250093306673
0.9406378143953112
0.9999669073606583
0.9999928416687979
0.9999928467736604
0.9999983383198482
0.9999986128971576
1.0000000000000004
Latvia (Location 52) 
0.06309841348911244
0.0631979675636944
0.06319797001431315
0.0659931850451013
0.06717673265655695
0.06833263451319818
0.16069408034508742
0.22028310308553295
0.2218243055610546
0.22189885945269447
0.243732513046901
0.24373252534248216
0.2867126040959356
0.287097904714816
0.3374482367902676
0.41109127432798803
0.41128392463742824
0.4739649502823782
0.7994960086130496
0.7997659718889646
0.8082425855043336
0.8130483938028816
0.8130483985367897
0.8132339958488253
0.8135508498882947
0.8143067470608566
0.8158479495363782
0.8162332501552586
0.8994499983800301
0.9046515567349157
0.9417475701231307
0.9454752647051242
0.991715365590743
0.9922933165190636
1.0
Liberia (Location 53) 
0.004274458488430741
0.0056544548554219
0.005663712928126665
0.0064249931385028415
0.9035394726245439
0.9150394423494702
0.91975442993669
0.9224255885695889
0.9244955831200756
0.9359955528450019
0.9371842184366419
0.9371889092369277
0.9371999128443691
0.9373149125416184
0.9379390587463855
0.9436901483490014
0.9463613069819004
0.9602727264260659
0.9619825098214382
0.9651386703131507
0.9655271234245468
0.9668359911546672
0.9685977546027282
0.976991236725465
0.9771925811195291
0.9888889405888167
0.9889770287612197
0.9891238866917532
0.995263563429681
0.9964135604021737
0.9972956695274209
0.9984552310539765
0.9993100018165041
0.999482501362378
0.9999999999999998
Libya (Location 54) 
0.09260387740505473
0.09608414703620893
0.096084239848657
0.12247634490909759
0.12479520568740247
0.15379745261368755
0.18343069338330506
0.2760345707883598
0.28020174527158725
0.3092039921978723
0.35041271764312165
0.35041276584858216
0.35097210343289287
0.3512621259021557
0.36210414756903414
0.4046774442330882
0.4972813216381429
0.5908491631953195
0.6209454233519623
0.6394654373973573
0.6481689473043228
0.6935448472327996
0.6935460848699573
0.7015832285461217
0.7022997573302364
0.9162475609044296
0.9180785577841731
0.9206296217057915
0.9293943876781241
0.9322946123707526
0.9601968740134545
0.9686266244148051
0.9982598651844226
0.9986948988883169
0.9999999999999997
Lithuania (Location 55) 
0.052064999417446876
0.05218210398879972
0.05218210649713184
0.0559296645265038
0.05793463299027098
0.0591605831784317
0.13537166928223077
0.21535558143077235
0.21699018168165332
0.21706637732960027
0.24830038924193312
0.24830040910134582
0.28376497392192557
0.2841736239846458
0.32648425170723594
0.4253322940794902
0.42553661911085033
0.47820903321448294
0.7992785820394404
0.7995600904232962
0.8131816204542845
0.8196247903995205
0.8196247982063347
0.8198394159707462
0.8201632474745207
0.8209514709493173
0.8225860712001982
0.8229947212629185
0.8916601552772325
0.8971769311239558
0.9502444270915116
0.9540542094888589
0.9929109084177682
0.9935238835118485
1.0
Madagascar (Location 56) 
0.015599899357948087
0.047899716674475096
0.04789979436532623
0.14083867292989583
0.19899358195876113
0.20274677232864974
0.20773874012319313
0.21663335661104993
0.21813680831655707
0.21926439709568743
0.23046502526558119
0.30082554167589387
0.4216620807283874
0.4216996126320863
0.4257980041110375
0.4468343124707671
0.4470222439339555
0.507336497801888
0.5150781084487264
0.519212600638871
0.5216381792692707
0.5292821299546653
0.6265581561855814
0.7036609459089039
0.7501303851911887
0.7572717807923476
0.7582114381082895
0.7957977307459682
0.9808113023302552
0.981186621367244
0.9920360298281644
0.9930724197180238
0.9980643875125672
0.9981206853681155
0.9999999999999994
Malaysia (Location 57) 
5.949899106803164E-9
0.01780590698761969
0.017805906987621
0.18588974810707257
0.20465667184658776
0.20465667193958317
0.2046566768600048
0.2046566915890852
0.20465674433213749
0.2046567838894267
0.2046568024371576
0.37731250084069723
0.6738298959250371
0.6738300188766916
0.6738361664594162
0.6860566910713126
0.6860566976641942
0.6860567317592877
0.6860567484144554
0.6922947558379599
0.6922993357870897
0.6923030858125517
0.8682308395175777
0.9107352484463301
0.994777169006056
0.9947774195355543
0.9947785568383584
0.9947798754146657
0.9947802867646056
0.9999890229632319
0.9999898560770342
0.9999898564885042
0.9999960040712289
0.9999963114503652
0.9999999999999999
Mali (Location 58) 
0.009738949927632499
0.013106916865171646
0.01311281757684554
0.014995926244061035
0.7725244177221947
0.8005908088683543
0.8120980292382798
0.8187054280706149
0.8237573784769235
0.8518237696230831
0.8547640621034722
0.8547652563820093
0.8547923735384209
0.8550730374498825
0.8566520101316661
0.8697553245797535
0.8763627234120885
0.9080585786311106
0.9119541586021637
0.9194383097254171
0.9203979100786818
0.923635535506526
0.923984230405225
0.943107986626758
0.9433514673134072
0.9710868508878169
0.9739513295542787
0.9743228525382277
0.9883115260706453
0.9911181651852613
0.9933371702384215
0.9962016489048833
0.9983160165312305
0.9987370123984228
1.0
Malta (Location 59) 
0.11159773628797015
0.11291775131860789
0.11291777082930236
0.14472312567137385
0.14599340122353338
0.146495253588083
0.18220652920023345
0.2938042654882036
0.29882616362116227
0.30982628887647673
0.35948728152462345
0.3594872946464857
0.36026564440742925
0.36043292852894576
0.38111275776337983
0.4316082805597756
0.5432060168477457
0.6453179455512384
0.6815872098448288
0.6887618444771835
0.7010009270853179
0.7556838178664232
0.7556839081742727
0.758173191028374
0.7587642869421998
0.9084128712162624
0.9090820077023285
0.9116225588066476
0.9148049871007151
0.9170633227411883
0.95633095008433
0.9632850196587506
0.9989962952709011
0.9992472214531759
1.0000000000000002
Mauritania (Location 60) 
0.007352405749943752
0.009234985045547909
0.009246776949938048
0.00976513895142407
0.8598363043708017
0.875524465167503
0.8819566110941506
0.8837754251344524
0.8865992940778586
0.90228745487456
0.9030968271224943
0.9030980184307976
0.90310602492675
0.903262906534717
0.9045923880740697
0.9144847158103577
0.9163035298506595
0.9402322685641129
0.9431732308640904
0.9476990046314473
0.9482354581293473
0.9491266770090951
0.9493394599504386
0.9637769112412372
0.9654933314375658
0.9822653165754175
0.9835650336026952
0.983706992439548
0.9942677206985581
0.9958365367782281
0.9968753361342267
0.9984766898593015
0.9990587103521981
0.9992940327641486
1.0000000000000002
Mauritius (Location 61) 
0.0015575926296583897
0.0593076763250766
0.05930768068611378
0.2094309970868903
0.2494538574439037
0.24946368000432054
0.24996210964581123
0.2511395614418789
0.25149814909580714
0.25176708983625334
0.2532498069127829
0.3621013972031165
0.5490421718321676
0.5490454460189732
0.5495099248301465
0.5760895724692503
0.5761343959259914
0.583046393037883
0.5840712121937196
0.5850573282420223
0.5853322238649615
0.5861330129991819
0.743262084165328
0.8811171226640683
0.9561787808644565
0.9578820722206157
0.9581061895043209
0.9670708808525275
0.9940933317511071
0.9974082196216774
0.9989519095189695
0.9990484245108904
0.9995468541523811
0.9995517654325895
0.9999999999999998
Mexico (Location 62) 
0.04459238178582063
0.0617432978572901
0.06224908567890038
0.12513577794095512
0.12514291693154841
0.16687681270545746
0.2486295126461286
0.24862968126483467
0.2892201826339791
0.3635408189436801
0.44186333567005737
0.4418845691235661
0.4418850027145246
0.44189006059274066
0.4423579143277302
0.44235874537706726
0.44235874537706726
0.5555547914487657
0.5555552129955309
0.555560270873747
0.5972941666476561
0.6413148512310944
0.6956260854574144
0.8099655259338776
0.8173975895648478
0.8174128874018334
0.8271317398423328
0.827139326659657
0.8272188754119821
0.8586622215430095
0.9558507459480032
0.9559569613905414
0.9999776459739798
0.9999877617304119
1.0000000000000004
Moldova (Location 63) 
0.04218217097962381
0.042362115802433646
0.04236211849394732
0.050283995716092995
0.06326179093774636
0.06419751981224082
0.093940774987989
0.18154089273414922
0.18278853123347516
0.1833387999656405
0.2936500593496941
0.29365019707021445
0.3074911177955626
0.30780302742039406
0.33978295254334956
0.5144601233929601
0.5146160782053758
0.7173941285437097
0.8066737918104488
0.8086914438283884
0.8276183382889131
0.8412384078989179
0.8412384675129253
0.8415580837688924
0.841837570622065
0.8453226059257789
0.8465702444251049
0.8468821540499364
0.8736805324756105
0.8778913124108356
0.9772656151499707
0.98055369577553
0.9968209298788638
0.9972887943161111
1.0
Mongolia (Location 64) 
8.303563813078725E-6
0.1273768991493336
0.12737689914956093
0.25474549473508146
0.25894019970046644
0.258940292389093
0.2589524468810513
0.25896142802238387
0.25905103245182376
0.2591182357739037
0.25912954535928545
0.3479331045920864
0.45449737567144743
0.4544974513435484
0.45450086255023764
0.49365494182794845
0.4936661423816284
0.493686932060639
0.49370748019197097
0.6210760757774915
0.6210776620175454
0.6240554132912688
0.7514240088767893
0.7548667846455085
0.882235380231029
0.8826610012708684
0.8827170040392683
0.8849571147752657
0.8877913599635084
0.994144137277418
0.9998843806966439
0.9998846725421101
0.9998878052829472
0.9998879944631996
0.9999999999999996
Morocco (Location 65) 
0.03876861935778034
0.052059966491235066
0.05206101059330912
0.05517606663436087
0.149254853690018
0.2600160798021408
0.30542818250811116
0.3066993091001811
0.3266363298003632
0.43739755591248597
0.4413019037926827
0.4413019204636234
0.44134999257008967
0.4424576048312109
0.45031177945136386
0.5024731945872865
0.5029354224389483
0.6291096563488152
0.6446171040919273
0.6766038916908508
0.6803308337399663
0.6888972378528586
0.6888995580556367
0.7650270287945509
0.775167119908629
0.893706391598757
0.901384726488608
0.9023091821919316
0.9579950172694706
0.9690711398806828
0.9763883962096872
0.9875135963563006
0.9933543264332727
0.9950157448249546
1.0
Mozambique (Location 66) 
0.05052211803283839
0.053193584438068
0.05319525085105138
0.06759405449041032
0.10348233147335592
0.125744551516936
0.14191162928744427
0.157751400977082
0.16002489628855973
0.16081629865653044
0.18076267782125946
0.1926486528175825
0.2130615229199634
0.2132841451203992
0.22368026326782348
0.2845320145360794
0.3350541325689178
0.4719310240996928
0.49758743814793044
0.5086546794863888
0.5148074841042521
0.539563321940343
0.5561186662800323
0.5698687236142287
0.5777773275981567
0.6845002988386731
0.685159800811982
0.7115398797443392
0.9508223672151213
0.9530485892194792
0.9778888236544614
0.9821799849822201
0.9983470627527284
0.9986809960533821
1.0
Namibia (Location 67) 
0.034204347718417086
0.03749281451020598
0.0374988376469925
0.04724707674674137
0.5028639743481876
0.5302678642797618
0.5412132555496553
0.5754176032680723
0.5769567989154011
0.6043606888469752
0.6195816235816709
0.6197908402757247
0.6200823374271324
0.6203563763264481
0.6246083084632482
0.6505917128257107
0.6847960605441278
0.7463607581294653
0.7574771711379509
0.7686464662818866
0.7720823539077024
0.7888424842897268
0.811996421592917
0.8247323541644374
0.8273785184276591
0.9092191895216647
0.9103768863868242
0.9113773410072478
0.9670054083463557
0.9709746547411883
0.9833662146097687
0.9874103753342123
0.9983557666041057
0.9987668249530793
1.0000000000000002
Nepal (Location 68) 
3.053605631830243E-5
0.023167878199142136
0.023167878202352284
0.07262842567115567
0.35594977236142683
0.3559503815853357
0.355995079290961
0.3560819033248434
0.3565950094419327
0.3569798390297496
0.3570891729983422
0.551486071167102
0.6737679909829348
0.6737681940575712
0.6737904931804238
0.8305621852520043
0.8306263235166405
0.8308273050765533
0.8309563446249529
0.8540936867677767
0.8541068842078324
0.8595982708364983
0.9113669771871792
0.9238940541255992
0.948624327860001
0.9510615819161751
0.9513822732393559
0.9642099261665878
0.9694366676565229
0.9887563483457809
0.9993421538950163
0.9993444110127911
0.9993583127416843
0.9993586173536387
1.0000000000000004
Netherlands (Location 69) 
0.03632652879831291
0.03761414720632746
0.037614188443539726
0.054973283782477456
0.055119131718061695
0.057289018635428915
0.09845241977305826
0.10770848779744087
0.11049834240548444
0.11173827778683713
0.17005150634044758
0.17005150687822823
0.17106579465188732
0.3561871551395395
0.4672599714321308
0.5172427387637969
0.5201653416304919
0.553313709671148
0.5604905919220934
0.5651186259342846
0.6262086748952098
0.6739461870772886
0.6739462358296434
0.6766263138419992
0.6818960392127482
0.6948545344468838
0.7216971317175934
0.7401682480557187
0.7575711412770632
0.7862649521526492
0.8823147571109003
0.9443115261785351
0.9768598299390433
0.9824134707536729
0.9999999999999999
New_Zealand (Location 70) 
6.940373851974849E-15
0.0033368977770836137
0.0033368977770836137
0.009533993648797437
0.010201373204212771
0.010201373204212879
0.010201373204218716
0.010201373204235831
0.010201373204300954
0.010201373204349797
0.01020137320437135
0.012298851807105259
0.012300993012996916
0.012682352758948535
0.031750340056529526
0.03175036596303266
0.0317503659630408
0.031750365963080424
0.03175036596309966
0.032036385772563375
0.046242036309261214
0.057873508560785616
0.05787513362808123
0.06922058607014192
0.07055534518097259
0.07055534518128193
0.07408292283133441
0.07408292283296249
0.9643428637521922
0.9685378209576601
0.9685378209589908
0.9685378209589912
0.9876058082565722
0.9885592076214512
0.9999999999999998
Nicaragua (Location 71) 
0.04615354396146316
0.06390490702356437
0.07364806548136134
0.1270647881587813
0.12717854758960212
0.1896136779917813
0.2499676373805545
0.2499890879730684
0.29200064722004127
0.32807427811907813
0.40646505295736973
0.40956544452948057
0.4096206031959449
0.4097180347805229
0.4187304563539851
0.4188361771313751
0.4188361771313751
0.5359951733412431
0.536048799822528
0.5361462314071059
0.5793412148582189
0.624903046717612
0.6811156964142658
0.799458116828274
0.8071503741551844
0.8073941443640862
0.8174532500992768
0.8175993974761437
0.8188670025624328
0.851411168176285
0.9520022255281919
0.9540482888043292
0.9996101206637223
0.9998049838328783
0.9999999999999997
Niger (Location 72) 
0.019181387990313017
0.028569685218164727
0.028572472374954742
0.04136162941048439
0.3573701579153681
0.43560596814746566
0.4676826503426257
0.5125568855550104
0.526639331396788
0.6048751416288856
0.6248441762983967
0.6248446770157053
0.6250465302425778
0.6258288883448988
0.6336794339951929
0.6594871196548867
0.7043613548672715
0.7667880539630175
0.7744606091591427
0.7902753973702593
0.7938825436888292
0.8158709189428976
0.8160424340693031
0.8537077050320996
0.8545444474359895
0.9131521919830684
0.9229962202641261
0.9248434074759599
0.9523948556802277
0.9602184367034375
0.9711020678370534
0.9809460961181111
0.9953058513860742
0.9964793885395556
1.0
Northern_Ireland (Location 73) 
0.009235559309857411
0.01093146177102427
0.010931846893858402
0.02931598991965328
0.030522966786266984
0.03282098466449134
0.03861531807347811
0.039784821197214604
0.04273941561207449
0.04405256868534555
0.051420438364885475
0.05142043915446079
0.051591509844765085
0.052904662918036145
0.15669612158231455
0.2223537752458677
0.22268206351418546
0.23294555298719632
0.23420698744756638
0.23639847609736306
0.25839379007465335
0.3089501833955893
0.30895066924961995
0.3151431656914366
0.4491425862057662
0.45415170311958714
0.5556194724107847
0.5572609137523735
0.5617906102237024
0.574922140956413
0.5993415859112903
0.6649992395748434
0.6994695077482088
0.8450873751279426
1.0
Norway (Location 74) 
0.010692885979698237
0.011057411655249294
0.011057431537810273
0.017853451987288625
0.01806604927524157
0.020371474873057294
0.055897128682950346
0.06028793982799331
0.06336184062508095
0.06384727065718654
0.08019261978047114
0.0801926208292408
0.08549668104943298
0.08626515624870489
0.12538329190454217
0.13498923189544101
0.13537346949507698
0.4251598888050284
0.43314318179601563
0.43444043172643504
0.451346886110417
0.4700359423464825
0.47003596797278835
0.4708270393173002
0.472890116953749
0.4765224167589234
0.479596317556011
0.48036479275528293
0.6325026628930075
0.6428770780831783
0.9326634973931297
0.9569349989984095
0.9928598174578519
0.9940125302567597
1.0000000000000002
Oman (Location 75) 
0.0032433256528267163
0.0035864136675581985
0.003586414159665126
0.004576672595492303
0.0949726810548061
0.09502249942173925
0.0970568716592131
0.10503613141086526
0.11891054331672389
0.12931635224611787
0.1393643089704206
0.1441042522832932
0.14708582952848728
0.14710243565079834
0.14917726343951196
0.24456384529229006
0.2462981467805224
0.26476865546490236
0.27252514233095065
0.3106797750720619
0.3119077343755863
0.3516404144353715
0.35426637411820766
0.3550853584114376
0.3563397977503721
0.4222432543032006
0.4309147617443622
0.7777750593908279
0.9044764816501207
0.9047006643013199
0.9812937824888577
0.9815202068132813
0.9826320759342101
0.9826569851176766
0.9999999999999999
Pakistan (Location 76) 
5.394781716607952E-4
0.0032247337825259377
0.0032247338254623847
0.009630741945063213
0.21602114312648818
0.21603138412457717
0.21682105507150096
0.2182114935585133
0.2272780462462826
0.23407796076210957
0.2358288833013103
0.2580842272301785
0.2720835564757569
0.27208697014178657
0.27244949012434605
0.33478203985275995
0.3359153589387311
0.33913396654755595
0.341357385503205
0.36629040539457053
0.3665049580373098
0.4522464869594446
0.4589514421246268
0.46064583629313
0.4638488403529304
0.5069149656198345
0.5125815610496903
0.7392453782439227
0.8208547852902919
0.8230969737253643
0.9883818487559856
0.9884184296242825
0.9886616886412436
0.988666809140288
0.9999999999999997
Panama (Location 77) 
0.008832876199119592
0.027408217611133975
0.032062427503579655
0.1494460835487635
0.14949992692909825
0.2867016028260664
0.4193298895264689
0.4193614483126102
0.4274016304938601
0.5066737099009972
0.6789380363049683
0.6834482457290306
0.6835293968933939
0.6835759389923183
0.6878810831428306
0.6880366228745269
0.6880366228745269
0.7065522194575194
0.7066311164228727
0.7066776585217971
0.7149443247081526
0.732035644630915
0.8099488822201976
0.8935379185742623
0.8950100646074489
0.8951254432795949
0.8970505573229928
0.8971203704713795
0.8977203395665383
0.9039486497069431
0.9901175945904542
0.9910949786678678
0.9998146128644345
0.9999076970622834
1.0000000000000002
Papua_New_Guinea (Location 78) 
7.273171574367129E-11
0.029121010985465587
0.0291210109854656
0.0832028883948285
0.08902709057737528
0.0890270905785559
0.08902709065638846
0.08902709083735852
0.08902709173006372
0.08902709239959262
0.08902709262748085
0.10733172805834214
0.11480327056596723
0.1181313860988511
0.28453716274304464
0.2848844369914772
0.2848844371030653
0.2848844375219775
0.28488443775656497
0.28738052440622786
0.4113528280061521
0.5128603517591102
0.5433564436269677
0.6423678807302629
0.6540162850953564
0.6540162893357061
0.684801358014882
0.684801380332512
0.6888211760833524
0.725430446945075
0.7254304685322508
0.7254304685370808
0.8918362451812744
0.900156534013484
1.0000000000000002
People%27s_China (Location 79) 
8.568592664641636E-7
0.10084687138644513
0.10084687138648656
0.20169288591366522
0.20437195765685282
0.20437196984720654
0.20437322409048064
0.2043746939351249
0.20438725239850936
0.2043966712460477
0.20439852216152565
0.4091380285564499
0.5548061308667063
0.5548061919615147
0.5548092467019344
0.6073310934403827
0.6073326632483058
0.6073360656664638
0.6073388343728259
0.7081848489000045
0.7081871246816173
0.7084553819080536
0.8093013964352322
0.8137747022479082
0.9146207167750868
0.914680369476163
0.9146882185157783
0.9150021801003901
0.9152575092677211
0.9994639313979152
0.9999810537621299
0.9999810944433288
0.9999841491837486
0.9999843019207696
1.0000000000000002
Peru (Location 80) 
0.001641582876009298
0.03685168799745111
0.03687065395839408
0.04029674496048895
0.04033658154245825
0.08900937391621605
0.09288041180169986
0.09315079015774845
0.09701333810129974
0.16639795701708213
0.37351622243732807
0.4128686928671748
0.413563951497014
0.41356414115662343
0.41358168467049566
0.41491426371102086
0.41491426371102086
0.5764665107388127
0.5771424566289342
0.5771426462885436
0.5773765236061932
0.7265016747087703
0.8683776865216387
0.9905774631195838
0.9906571362835225
0.9913137694339262
0.9913486264431494
0.9913489109325635
0.9952114588761148
0.9953309686220227
0.9971176591202844
0.9971216419720824
0.9999992401900282
0.999999619509247
1.0000000000000004
Philippines (Location 81) 
1.9582191242170272E-10
0.14096832800939293
0.14096832800939296
0.281936655822964
0.28205379828695887
0.28205379829059607
0.28205379857723395
0.28205379909674055
0.2820538023507805
0.2820538047913104
0.2820538054455039
0.4230221332590749
0.4575593735733998
0.4575594553399373
0.4575635436668113
0.45832627430079464
0.4583262747075496
0.45832627591011116
0.4583262766900639
0.5992946045036349
0.5992976503071561
0.5993001441865492
0.7402684720001202
0.7413153810862908
0.8822837088998619
0.8822837243565514
0.8822844806970231
0.8822845620480211
0.8822846078200285
0.9999931615443602
0.9999932542471601
0.9999932542606581
0.999997342587532
0.9999975470038758
1.0000000000000002
Poland (Location 82) 
0.09440643225523586
0.09462189630926954
0.0946219004993154
0.10153267818762055
0.1035511486033768
0.10549515826310193
0.18022750255735237
0.3295869326925016
0.3321789455721351
0.33230145812990836
0.38667153509500385
0.38667154509415846
0.3996375459456868
0.40028554916559517
0.4432535851079007
0.6278392959353022
0.6281632975452563
0.6893956172341017
0.7862271179795866
0.7867894129330967
0.8122194750213999
0.8241011629767315
0.8241011671866707
0.8244933376901211
0.8250140160606573
0.8263260376188476
0.8289180504984811
0.8295660537183894
0.854872599780553
0.8636206432493161
0.955996987607488
0.9621226154961487
0.9937557980738532
0.9947278029037158
0.9999999999999998
Portugal (Location 83) 
0.06400449587653037
0.07502781333530588
0.07502877395847297
0.07867690467657311
0.10047475853156451
0.19233573735469373
0.22999873867217668
0.23098010981392197
0.24751508600208522
0.33937606482521443
0.34134162110656935
0.34134162933326584
0.34137909784971243
0.3422977076379437
0.3537594245460665
0.43987456445267104
0.4399397096440657
0.6482452507695009
0.6738470491201131
0.6812583194308102
0.6856230472542514
0.6956554067290267
0.6956568036089052
0.8213383591482739
0.8361359488878652
0.8547554385974013
0.8659605499031034
0.8662862758600767
0.9582200063009112
0.9674061041832241
0.9746190578952454
0.9876480961741745
0.9944883412706123
0.9958662559529592
1.0
Puerto_Rico (Location 84) 
7.813557455904561E-4
0.0416453964329595
0.05258121889878624
0.07220470795726829
0.0723561400270271
0.15067888467781776
0.17285087880882993
0.1728559307524795
0.17427758767303697
0.23784387318672218
0.39108402576435614
0.39154601603964534
0.39155900675188704
0.3916683649765453
0.40178400075743503
0.4018088996225649
0.4018088996225649
0.4037054912790154
0.40371812113813926
0.4038274793627975
0.41476330182862425
0.41995781749989197
0.5913597659385789
0.7752479490317397
0.7817000842865774
0.7820245815789177
0.7862895523405902
0.7864535896775776
0.7881409755977473
0.799076798063574
0.9886405423633138
0.9909370650811374
0.9995216857168114
0.9997404021661279
1.0000000000000002
China (Location 85) 
2.7344534756466965E-9
0.13175889710788502
0.13175889710788521
0.26351779148131677
0.26374886901099515
0.26374886905414585
0.26374887305675165
0.2637488787236503
0.26374892158169677
0.2637489537252316
0.2637489608613262
0.3666575512014763
0.4901478596096564
0.4901479466795046
0.4901523001719151
0.4933595742753086
0.4933595796325644
0.4933595927503854
0.4933596024071317
0.6251184967805633
0.6251217401324091
0.6251243957627795
0.756883290136211
0.7582108628780857
0.8899697572515173
0.889969960827238
0.8899707662233339
0.8899718376744954
0.8899725986233717
0.9999912754251871
0.9999928165874683
0.9999928167375226
0.9999971702299331
0.9999973879045536
0.9999999999999999
Ireland (Location 86) 
0.007686646579509512
0.00951105846404363
0.00951136984326729
0.024961269016252438
0.02626390296542421
0.028195140362047354
0.03442854763420559
0.03535946230778657
0.03784248181773061
0.03894604604437241
0.044810808487932584
0.04481080924680731
0.04493049896144917
0.046034063188090966
0.15810245438837048
0.21328066572046028
0.21355655677712074
0.22455999621818623
0.22591237425004904
0.22773632428586485
0.24622102508211494
0.2887082478078241
0.288708629451005
0.29534757615287693
0.44003288718010347
0.44420191583339674
0.5537613132008341
0.5551407684841364
0.5599970350530983
0.5710326773195162
0.5913566920043211
0.6465349033364108
0.675503464285758
0.832733744477195
1.0000000000000002
Macedonia (Location 87) 
0.055643661519134226
0.05606696925076667
0.056066975138299856
0.07492708196664355
0.08004374049713865
0.08090170708354905
0.10207796738204021
0.13661541246288214
0.13959332406735747
0.13969164629139275
0.20556862487151717
0.2055686493111365
0.2083507210771487
0.2086367099392855
0.24891780620424891
0.4590137108182346
0.5251895242510195
0.6652698407663301
0.7538508167657403
0.7545321160148084
0.778371948498154
0.8107980970802187
0.8107981145034008
0.8115539708076757
0.8119718402598256
0.8496925509432172
0.8508365063917643
0.8511224952539012
0.8564039403334976
0.8602647899723445
0.9721916953269247
0.9771078065286881
0.9982840668271793
0.9987130501203845
1.0
Romania (Location 88) 
0.0385406121701725
0.03871168366130151
0.0387116860889382
0.046394294463498714
0.06060173173138571
0.06119823329043964
0.09196825931454945
0.18786846087278664
0.1890815043003488
0.18923673646230066
0.3099999532393401
0.3100000056242388
0.31448902705839404
0.31468786091141204
0.33911337519402784
0.5237017741999167
0.5506582948124097
0.7726495021231439
0.8561181960719799
0.8564377140743363
0.8708936306905783
0.8841023257906999
0.8841023504998878
0.8844066979829143
0.8846184911357997
0.89932856126229
0.9001238966743619
0.9003227305273799
0.9074807492360271
0.9101650062517698
0.9876892261343007
0.9901809102858938
0.9988069968818916
0.9991052476614185
0.9999999999999994
Russia (Location 89) 
0.06578979321268498
0.06586525857474779
0.06586525999551276
0.06884358092955371
0.0729705431764707
0.0736635048764244
0.169964506535572
0.19782150170226162
0.20464494910694156
0.2097625346604515
0.24484171375924585
0.2448425437432348
0.2896558811489768
0.28988686838229466
0.3178235803337279
0.3647347812409024
0.3655877121664874
0.43007149727456523
0.5339371310537322
0.552701611416602
0.5619514330890374
0.5974414721294921
0.5974417536513706
0.5975773463200579
0.597759831908206
0.6301712070804357
0.6344358617083606
0.805022046825359
0.8917882958449871
0.8949066234947787
0.9633211565848117
0.9654680458571425
0.991124209894173
0.9914706907441498
0.9999999999999998
Rwanda (Location 90) 
0.053478973630251336
0.055441786308648724
0.055442048934501754
0.07068355641912338
0.11147717810508184
0.12783395042506004
0.14494722198674048
0.16346966455295495
0.16587621836631625
0.16651918510835542
0.1898437424139588
0.19004241855080445
0.19090999758255092
0.1910735653057507
0.20285730638178812
0.2740687974237008
0.32754777105395216
0.48675472446830614
0.516779028799491
0.5260466690689791
0.5330207199098992
0.5592254169887223
0.5595588901442202
0.5651082525221058
0.5654474952244561
0.6706351447971419
0.6711709504155079
0.6926031751501467
0.9472364768575943
0.9488721540895921
0.9775786750009023
0.9815697656167881
0.9986830371784685
0.9989283887632682
1.0000000000000002
Scotland (Location 91) 
0.014936103335697209
0.016504180514319615
0.01650441684297289
0.043845135650555145
0.044875407061694086
0.04829299691264187
0.053650593939601754
0.055667488982829985
0.060061533076905704
0.062014441563161576
0.07472088033549944
0.07472088084447272
0.07504976439215115
0.07700267287840702
0.15211225638489823
0.249757680697692
0.250245907819256
0.2673327489861312
0.2683315767345094
0.2718757368480647
0.30458695399285063
0.3797739307137018
0.37977423069128147
0.3846775669105927
0.48164740233315223
0.48974833973556425
0.5631763654023579
0.5656175010101778
0.5745880926227873
0.5941171774853461
0.6336092473221048
0.7312546716348985
0.7825185193991153
0.8878961440201627
1.0000000000000004
Senegal (Location 92) 
0.002584789173077349
0.003251978003149587
0.0032592121679925236
0.0034558493344554212
0.9502097778793135
0.9557696847965821
0.9580492466326622
0.9587392016027074
0.9597399848478158
0.9652998917650844
0.9656069217267544
0.9656080315397785
0.965611005361785
0.9656666044309578
0.9661342269531552
0.9696119432951138
0.970301898265159
0.9787142121193562
0.9797481277885871
0.981353451388069
0.9815427453242643
0.9818808232595865
0.9821046851683595
0.9871802711809478
0.9877839927954265
0.9937331331935064
0.9941902865547592
0.9942418185859497
0.9979545157618245
0.9985105064535513
0.9988805634685933
0.9994456199945495
0.999666405584964
0.9997498041887231
1.0000000000000002
Singapore (Location 93) 
2.490105716829288E-9
0.019899408159951136
0.01989940815995172
0.21290330572708643
0.22058605103755047
0.2205860510763379
0.22058605310173077
0.22058605925919136
0.2205860808967734
0.2205860971249599
0.22058610487879918
0.4148766950963815
0.6400479089247053
0.6400480496812542
0.640055087508699
0.6454435323511464
0.6454435350558442
0.6454435493092252
0.6454435561961066
0.6500857017940452
0.6500909449754917
0.6500952380502331
0.8521059841705008
0.8996077912533575
0.9961097400369249
0.9961098428154395
0.9961111448135168
0.9961116857530674
0.9961118543582618
0.9999880459325405
0.9999883874114152
0.999988387584716
0.9999954254121608
0.9999957773035331
1.0
Slovakia (Location 94) 
0.07585734513176703
0.07638018305302927
0.07638019179256587
0.09436817981020788
0.09610909730379101
0.09855633937363369
0.23440988834317616
0.25188708495118933
0.25515007437764625
0.2553672204677151
0.34517534171566916
0.34517534814029827
0.3496182091031786
0.3504339564597928
0.45748178568387354
0.5187009733711084
0.5191088470494155
0.6202519738917716
0.6448671153895975
0.6461258164883024
0.7094806541923502
0.7404073704332084
0.7404073814178571
0.7413457923266314
0.742268663209424
0.7452056324397353
0.7484686218661921
0.7492843692228064
0.7618817449647332
0.7728943342790252
0.9640511721791694
0.9749084766826114
0.9951055158603147
0.9963291368952361
1.0
Slovenia (Location 95) 
0.05724234305549175
0.0581278804014658
0.058127894204363525
0.09009029668102446
0.09154403933760322
0.09376414614496544
0.22535573937598097
0.240206070056554
0.24525276518444783
0.24554620470406216
0.31331587521803517
0.3133158807835397
0.3161635069917179
0.31690354259417197
0.40786181801268184
0.41711226304335774
0.5292610436632207
0.6055841677372097
0.6420325214386652
0.643957573266354
0.6977900219834313
0.7527429244871642
0.7527429440699903
0.7543226032467262
0.755569721205087
0.7600615088030278
0.763021651212844
0.7637616868152981
0.7725842281543058
0.7825747087874358
0.9450002006062035
0.9596721765869196
0.9955597863852758
0.9966698397889568
1.0000000000000002
South_Africa (Location 96) 
0.056804532027334285
0.060996836223243395
0.0610026302698383
0.07719192189762858
0.10393033183305976
0.13886620013230233
0.1570436503810493
0.2138481824083836
0.21640438634961365
0.25134025464885623
0.27661827140101997
0.2800064688366092
0.2858253296499037
0.2861746883328961
0.29668088604779386
0.3507070829293827
0.40751161495671695
0.5330486078832679
0.5558272206225324
0.5713694199815692
0.5775873737312026
0.6054215944245964
0.6331956231208281
0.6484097536644192
0.65158392837256
0.7805514710723229
0.7819401725071345
0.783483820983915
0.9455180509934742
0.9502793130556854
0.974005091213225
0.9797263976532986
0.9979038479020456
0.9984278859265342
1.0000000000000002
South_Korea (Location 97) 
1.8878839319563106E-8
0.1312963170621143
0.131296317062115
0.26259261524539
0.2627892340497125
0.26278923428577355
0.2627892619200166
0.2627892882425719
0.26278953107943426
0.262789713207081
0.2627897463540025
0.39014901652501377
0.4918589536027855
0.49185913741776344
0.49186832816666193
0.49531900138662444
0.4953190317412322
0.49531909267307317
0.4953191462502623
0.6266154444335372
0.6266222915414666
0.6266288786537949
0.7579251768370698
0.7590282349392119
0.8903245331224869
0.8903256865975832
0.8903273868861293
0.8903334578076881
0.8903397274688198
0.9999721364518545
0.9999848344997162
0.9999848352643174
0.9999940260132159
0.9999944855506607
0.9999999999999998
Spain (Location 98) 
0.023652300397992935
0.04980211758574149
0.04980247859150679
0.05588205191159749
0.0719168491863617
0.28983199241759966
0.3791772011424072
0.3814019600629849
0.4206266858446077
0.6385418290758457
0.6425205855862243
0.642520588899542
0.6426037598770291
0.6447829113093415
0.6585705150888329
0.6903936101697689
0.6905021739790562
0.7674796607288877
0.7769405808880849
0.7823924119615048
0.7896661871837561
0.8063850138140055
0.8063855443138674
0.8528300614590172
0.8546756462169018
0.8615563154235907
0.8832690772810574
0.8838118963274941
0.9177852005355204
0.9395767148586441
0.953813129573489
0.9755258914309557
0.9869250914061257
0.9901938185545943
1.0
Sri_Lanka (Location 99) 
1.5197533884258107E-5
0.027414509178040416
0.027414509182327133
0.19936361201052374
0.31431993073358416
0.31432016042498706
0.3143295913165002
0.3143665180515671
0.31444858394814146
0.3145101333705722
0.31455663370361947
0.4502990788450961
0.5356854556276378
0.5356856231773162
0.5356954197681726
0.645165133591944
0.6451753918290158
0.6452608703824115
0.6452960551660254
0.6555648788081496
0.6555706767904932
0.6559846231246255
0.8359580174181379
0.9013628258590268
0.9873373772731251
0.9877271902818531
0.987778481467212
0.9898301288815701
0.9905175667454011
0.9990920344865748
0.9998900033234563
0.9998911287113
0.9998969987550856
0.9998974176292816
0.9999999999999996
Swaziland (Location 100) 
0.05301417185874896
0.0560258373090914
0.056027995182301296
0.07113703416204475
0.10533573210444264
0.13043294419062965
0.1473974791854293
0.1628678904125449
0.1652535281461886
0.1903507402323756
0.20983199881466932
0.21786656641637456
0.2316650629497379
0.23191603507059977
0.24254682578195721
0.302939385902467
0.35595355776121596
0.4930432371685385
0.5185060463004291
0.5307094766665271
0.5370011691283509
0.5629781133391379
0.5741182445232338
0.5842129643640167
0.5895346830825339
0.7034788352178821
0.704053654383496
0.7270464210080508
0.9492846683055209
0.9517943895141396
0.976864019662914
0.9815296322800288
0.9984941672748284
0.9988706254561213
0.9999999999999997
Sweden (Location 101) 
0.02766659233482848
0.02784097501524523
0.027840980998314502
0.030941377103234274
0.03146619827253167
0.03356866189116945
0.16310527776336628
0.17911542129813218
0.18191870612298255
0.1820908211002022
0.19877755352075285
0.198777557061461
0.21762291705764852
0.21832373826386112
0.36095956248268457
0.4085201742041728
0.4088705848072791
0.5864376312837737
0.6155469831651662
0.6161250146822871
0.6315430812189641
0.6368735868028612
0.6368735943175955
0.6372170647029486
0.637948553356132
0.6395670416040704
0.6423703264289208
0.6430711476351334
0.7478648144081466
0.7573259006920166
0.837518921952389
0.8461246708133703
0.9771167542796367
0.9781679860889556
1.0
Switzerland (Location 102) 
0.04368237390254297
0.04778606396763399
0.047786140716079034
0.07671553535641107
0.07954415708507594
0.08189723630511114
0.11437936362057168
0.1549099728043321
0.15947777195806875
0.16101337020725515
0.20682273621322206
0.20682273796727796
0.20833403326653321
0.2209204799842151
0.34619690837038375
0.38987928227292673
0.40461768561247596
0.49749626840512096
0.5304859289598856
0.5415397314645475
0.5770779339615316
0.6268161914133306
0.6268162762027059
0.6344431580119135
0.6409694505709557
0.6667616564151668
0.6878485074337866
0.717325314112885
0.733527304367695
0.7560684209738057
0.8715675790890041
0.9483474915483231
0.9808296188637836
0.9851924156262567
1.0
Tajikistan (Location 103) 
6.79846290275885E-4
0.0010969278759869203
0.0010969279153030486
0.001966695989192699
0.031506272412311985
0.031517794653089674
0.032512931976536985
0.033953926496715026
0.0452123198655051
0.05365611489209765
0.05547070058417371
0.0585826439224768
0.060540156667538425
0.06054399741446432
0.06093174249171748
0.13833319690214924
0.13974049607324798
0.14307613153662307
0.14565709734789783
0.17661767911207052
0.17684716089248564
0.2966668249687997
0.2975771822194709
0.29780660162528144
0.29824148566222625
0.3517188541639791
0.3587553500194729
0.6402151842392247
0.7542604066733067
0.7546086697973754
0.9855863354866555
0.9856257271141209
0.9859212471686233
0.9859270082890121
0.9999999999999998
Tanzania (Location 104) 
0.04485658451780491
0.046336635302490596
0.046336838996501734
0.05912096558407613
0.10394054122498084
0.11627429776402826
0.13062840480972582
0.1494648025595697
0.15148334886287093
0.15249003741166392
0.1762099456892451
0.17771062184977468
0.17860553759063896
0.17872887515602945
0.18929171494025954
0.2581456436912642
0.3030022282090691
0.4519326894534961
0.48096299454851427
0.48808539731856976
0.4943368739255631
0.5163166003392875
0.5181771553293354
0.5223012356649087
0.5225715271529836
0.6072748737464004
0.6081137808703946
0.6416700658301606
0.9527831944244078
0.9540165700783125
0.9806031724985241
0.9837830723582285
0.9981371794039261
0.9983221857520118
1.0000000000000002
Thailand (Location 105) 
5.171753929925648E-8
0.021676532702428683
0.021676532702435705
0.08459223181116243
0.09111415841647307
0.09111415926475908
0.09111421388714713
0.09111434254359879
0.09111496319113269
0.09111542867678311
0.09111559068861112
0.40160074552724356
0.5969059235708994
0.5969059888431717
0.5969092524567856
0.8473005063589085
0.8473005839398503
0.8473008817557106
0.8473010505771986
0.868977531562088
0.8689799629542303
0.8689863063247198
0.9348380713918538
0.9504009648112327
0.9818588143655961
0.9818617624413821
0.9818621503460908
0.9818776665344383
0.9818837042003259
0.9999835658227085
0.9999957940067847
0.999995797396288
0.9999990610099019
0.9999992241905826
1.0
Tunisia (Location 106) 
0.09712402757900974
0.0994107269735674
0.0994107603271369
0.1270911081871547
0.12987588578343687
0.14893171407141734
0.18001140289670045
0.2771354304757102
0.28150601171676565
0.3005618400047461
0.34378203227740545
0.34378203582354316
0.3441899379645883
0.3443804962474681
0.35751861496109505
0.37514525612747696
0.4722692837064867
0.5611377689412806
0.5927030779044589
0.6050032430446542
0.6126590429110084
0.6602498164247231
0.6602499254887892
0.6645489401019
0.665372489123405
0.9246296395185651
0.9268471988540783
0.9299385209043435
0.9330831704824524
0.9349887533112504
0.9580881494597328
0.9677769614774383
0.9988566503027214
0.9991424877270412
1.0000000000000002
Turkey (Location 107) 
0.0333101529625952
0.033497628692564875
0.03349763128180864
0.04158830255079672
0.053810527928755625
0.05432554760708021
0.06340981008454051
0.14590983138576308
0.14811118032979745
0.14976219203782323
0.2536511077504739
0.2536519476725677
0.25980260504364266
0.25997427826975084
0.2811571795831097
0.4643612696868474
0.4646364383048517
0.6556087098354595
0.7274142839309681
0.7334679935270626
0.7460048126717036
0.7599150895903147
0.7599154915383252
0.7602537968654721
0.7604410851734322
0.7708974926575954
0.7722733357476169
0.827307059348476
0.9163823798459194
0.9186999683983801
0.9857031496449796
0.987906541503334
0.9969908039807943
0.9972483138199566
0.9999999999999996
Uganda (Location 108) 
0.04796885848701525
0.04944677978379942
0.049446921965173064
0.06311804663397241
0.10764668203477351
0.11996269284130823
0.1353127275571531
0.15466055150068395
0.15681915013259964
0.15759015558950368
0.18195408203691288
0.18215479406204885
0.18306608425323642
0.18318924436130177
0.1944610292448082
0.26658519311004336
0.3145540515970586
0.4722225772807938
0.5026316842077578
0.5099284438614606
0.5165995002210869
0.5401042408797244
0.5404110496270118
0.5443836542009214
0.5446688377083823
0.6342852112669976
0.6349277158144175
0.6606278977112187
0.9504058065000093
0.9516374075806627
0.979825115939442
0.9831802160272176
0.9985302507430625
0.9987149909051605
1.0000000000000004
Ukraine (Location 109) 
0.047477253333813606
0.04762043077629645
0.04762043308367008
0.053665705433833685
0.06242701259624468
0.06340680331568226
0.11821197230750576
0.17735079565378
0.17865718327969676
0.17963697399913434
0.2541080848796278
0.25410827891388105
0.27961167438532364
0.2799382712918028
0.3081806073234916
0.40100926682691823
0.4011725652801578
0.5380679896928298
0.7609629765430292
0.7645555425143004
0.7812703944514223
0.7916640205973177
0.7916640986082698
0.7919190744125778
0.792187381010155
0.7983927222332596
0.7996991098591764
0.8323588005070954
0.8817377151432928
0.8861467733807619
0.9696156073168245
0.9727721555236145
0.9956903976236148
0.9961802929833335
1.0000000000000002
United_Kingdom (Location 110) 
0.015840806302326645
0.01720236639175043
0.01720244106908198
0.04908740572668828
0.04992904123380572
0.05391466181600651
0.05856665878820445
0.06047348202933979
0.06559785134931223
0.06787534882485553
0.07988833524400818
0.07988833549937556
0.08011173506669673
0.08238923254224004
0.15469977739074003
0.2685746511679054
0.26914402553679123
0.27868178851500475
0.28082695333968866
0.2845857887334611
0.3227338714488115
0.4104175242572288
0.41041761342290156
0.41385997306133204
0.4235393373323911
0.4321309610895852
0.5460058348667506
0.5488527067111797
0.5538600322747418
0.5766350070301749
0.6185191728464962
0.7323940466236615
0.7921783553566732
0.9060532291338386
1.0
United_States (Location 111) 
1.74587125428365E-4
0.024462295720241802
0.12566108153196445
0.19751221945828754
0.19868064927123213
0.19884404491426125
0.1991641213108799
0.19916413478382572
0.21231997693934967
0.21261095548173028
0.21291760209946986
0.21291936279942988
0.21291939744414767
0.2139313853022649
0.30754026217810837
0.3075404167221603
0.3075404167221603
0.3079835994251708
0.3079836453706997
0.30899563322881696
0.4101944190405396
0.45826384230110784
0.5199951016462586
0.595388197075992
0.6550954807049083
0.6575992588755039
0.6970667853420757
0.6985847671292515
0.7116044136163485
0.8128031994280712
0.8952802098646252
0.916531954885087
0.9959730017472893
0.9979969774635238
1.0000000000000002
Uruguay (Location 112) 
0.0876784779296547
0.08967818242214781
0.0896784051193747
0.09646001165913394
0.09671598483019077
0.1834414358258275
0.2920865063038779
0.2933037177340911
0.3190354449525767
0.3342838758968645
0.44197591944089687
0.4421542251996773
0.44528419744879694
0.4452841996757692
0.4452844056707041
0.45128351914818343
0.45128351914818343
0.46171675997858225
0.46475978855411526
0.46475979078108753
0.5143171913500229
0.6019956692796775
0.699204416549512
0.8259569987739042
0.8264689451160178
0.8474355376644135
0.8476595141890882
0.8476595175295466
0.9200895645149135
0.920857484028084
0.9208987083898759
0.9208987551562935
0.9999999906797863
0.9999999951337308
0.9999999999999996
Venezuela (Location 113) 
2.3372567301736707E-4
0.04435981555363542
0.04544422987801194
0.06301815014023918
0.06304198992726907
0.147616995531787
0.167473243100797
0.1674786903743659
0.16761966423653485
0.23626024849527405
0.4017330855475918
0.40221428042251656
0.402228287697408
0.40223913184065174
0.4032422150907
0.4032690623675753
0.4032690623675753
0.4052444939593717
0.40525811214329394
0.4052689562865377
0.4063533706109142
0.4081768459264185
0.5932612784812331
0.7918286829440144
0.7924684873953965
0.7924986590928681
0.7929215806793749
0.7929378468942405
0.7930947397210925
0.794179154045469
0.9988751821027806
0.9991029091108996
0.9999541743555351
0.9999758626420227
0.9999999999999999
Vietnam (Location 114) 
4.280565450559203E-8
0.08567610231625546
0.08567610231625994
0.1713521618268609
0.17417711745514275
0.1741771182524132
0.17417718090996545
0.17417729371794022
0.17417800729488134
0.17417854247758718
0.17417868453207394
0.3015791354704825
0.5867529936386291
0.5867530773042048
0.5867572605829889
0.6626144335026543
0.662614522699772
0.6626147838293431
0.6626149552880624
0.7482910147986633
0.7482941313413576
0.7483040732173397
0.8339801327279407
0.8427288407401292
0.9284049002507302
0.9284082897412006
0.9284087357267888
0.928426575150317
0.9284360378997458
0.9999755475910976
0.9999947126532319
0.9999947155861002
0.9999988988648844
0.9999991080288235
0.9999999999999999
Wales (Location 115) 
0.016239760173362528
0.01939928749600918
0.019399516094219384
0.05043019401045301
0.05247252117436076
0.05635135591388997
0.06714640759959936
0.06903866252070316
0.07402573575724071
0.0762422127512574
0.08816341875421131
0.08816341951020758
0.08838084170174347
0.09059731869576015
0.16097046325578998
0.2717943129566244
0.27234843220512855
0.28764244540868694
0.28952215652867735
0.29337565894269557
0.3305016485924751
0.4158360128621176
0.4158362834573769
0.42506395622823895
0.43448398345280986
0.4432919889705658
0.5541158386714002
0.5568864349139211
0.5636363066629776
0.5858010766031445
0.6287401035022048
0.7395639532030391
0.7977464742959772
0.9085703239968116
1.0
Yemen (Location 116) 
0.010689865354044103
0.010940903129835419
0.01094091002093305
0.016506142483531973
0.06518890921979617
0.06534735302043122
0.07159603508370019
0.09320368038259048
0.09760296491898603
0.10090242832128268
0.12811205573470008
0.1285716457572004
0.1298574977089342
0.12991031230914588
0.13731049168865242
0.1675555728763718
0.16810548344342124
0.27408721171996225
0.292893865961589
0.30499189843667673
0.30937159643679285
0.31893989084617347
0.31935892081882883
0.3198977298299674
0.31999394058452435
0.34089054213240316
0.34364009496765036
0.45362220837753897
0.9648254993093276
0.9655384964121854
0.9870410991358373
0.9881729903659192
0.9944216724291882
0.9945008943295057
1.0000000000000002
Zambia (Location 117) 
0.057980358037675934
0.06108342505707832
0.061084689683871825
0.07760909172460946
0.11174398127373258
0.1376028731020858
0.1561565876741421
0.17230159752858384
0.17491071364027927
0.20076960546863248
0.22110035861867025
0.22231247744541932
0.2230689215443292
0.22332751046261273
0.23489242344293149
0.29910905667728954
0.35708941471496547
0.5040356580004631
0.5311107790398141
0.5440808220896701
0.5509253624249608
0.5793357378634221
0.5812318055643305
0.591237513362151
0.5916647716246441
0.7158082530790236
0.7162714802918857
0.734800568806368
0.9452197513560106
0.9478056405388459
0.9748681841242066
0.9798947519182427
0.9984484664902991
0.9988363498677244
1.0000000000000002
