0.3
0.1887
0.1186923
0.0746574567
0.0469595402643
0.0295375508262447
0.0185791194697079
0.0116862661464463
0.00735066140611471
0.00462356602444615
0.00290822302937663
0.002
0.00198
0.0019602
0.001940598
0.00192119202
0.0019019800998
0.001882960298802
0.00186413069581398
0.00184548938885584
0.00182703449496728
0.00180876415001761
0.00179067650851743
0.00177276974343226
0.00175504204599794
0.00173749162553796
0.00172011670928258
0.00170291554218975
0.00168588638676785
0.00166902752290017
0.00165233724767117
0.00163581387519446
0.00161945573644252
0.00160326117907809
0.00158722856728731
0.00157135628161444
0.00155564271879829
0.00154008629161031
0.00152468542869421
0.00150943857440726
0.00149434418866319
0.00147940074677656
0.00146460673930879
0.00144996067191571
0.00143546106519655
0.00142110645454458
0.00140689538999914
0.00139282643609915
0.00137889817173816
0.00136510919002077
0.00135145809812057
0.00133794351713936
0.00132456408196797
0.00131131844114829
0.0012982052567368
0.00128522320416944
0.00127237097212774
0.00125964726240646
0.0012470507897824
0.00123458028188458
0.00122223447906573
0.00121001213427507
0.00119791201293232
0.001185932892803
0.00117407356387497
0.00116233282823622
0.00115070949995386
0.00113920240495432
0.00112781038090478
0.00111653227709573
0.00110536695432477
0.00109431328478152
0.00108337015193371
0.00107253645041437
0.00106181108591023
0.00105119297505112
0.00104068104530061
0.00103027423484761
0.00101997149249913
0.00100977177757414
0.000999674059798398
0.000989677319200414
0.00097978054600841
0.000969982740548326
0.000960282913142842
0.000950680084011414
0.0009411732831713
0.000931761550339587
0.000922443934836191
0.000913219495487829
0.000904087300532951
0.000895046427527621
0.000886095963252345
0.000877235003619822
0.000868462653583623
0.000859778027047787
0.000851180246777309
0.000842668444309536
0.000834241759866441
0.000825899342267776
0.000817640348845098
0.000809463945356647
0.0000849358296929687
0.0000849358296929687
0.0000849358296929687
0.0000849358296929687
0.0000849358296929687
0.0000849358296929687
0.0000849358296929687
0.0000849358296929687
0.0000849358296929687
0.0000849358296929687
0.0000849358296929687
0.0000849358296929687
0.0000849358296929687
0.0000849358296929687
0.0000849358296929687
0.0000849358296929687
0.0000849358296929687
0.0000849358296929687
0.0000849358296929687
0.0000849358296929687
0.0000849358296929687
0.0000849358296929687
0.0000849358296929687
0.0000849358296929687
0.0000849358296929687
0.0000849358296929687
0.0000849358296929687
0.0000849358296929687
0.0000849358296929687
0.0000849358296929687
0.0000849358296929687
0.0000849358296929687
0.0000849358296929687
0.0000849358296929687
0.0000849358296929687
0.0000849358296929687
0.0000849358296929687
0.0000849358296929687
0.0000849358296929687
0.0000849358296929687
0.0000849358296929687
0.0000849358296929687
0.0000849358296929687
0.0000849358296929687
0.0000849358296929687
0.0000849358296929687
0.0000849358296929687
0.0000849358296929687
0.0000849358296929687
0.0000849358296929687
0.0000849358296929687
0.0000849358296929687
0.0000849358296929687
0.0000849358296929687
0.0000849358296929687
0.0000849358296929687
0.0000849358296929687
0.0000849358296929687
0.0000849358296929687
0.0000849358296929687
0.0000849358296929687
0.0000849358296929687
0.0000849358296929687
0.0000849358296929687
0.0000849358296929687
0.0000849358296929687
0.0000849358296929687
0.0000849358296929687
0.0000849358296929687
0.0000849358296929687
0.0000849358296929687
0.0000849358296929687
0.0000849358296929687
0.0000849358296929687
0.0000849358296929687
0.0000849358296929687
0.0000849358296929687
0.0000849358296929687
0.0000849358296929687
0.0000849358296929687
0.0000849358296929687
0.0000849358296929687
0.0000849358296929687
0.0000849358296929687
0.0000849358296929687
0.0000849358296929687
0.0000849358296929687
0.0000849358296929687
0.0000849358296929687
0.0000849358296929687
0.0000849358296929687
0.0000849358296929687
0.0000849358296929687
0.0000849358296929687
0.0000849358296929687
0.0000849358296929687
0.0000849358296929687
0.0000849358296929687
0.0000849358296929687
0.0000849358296929687
0.0000849358296929687
0.0000849358296929687
0.0000849358296929687
0.0000849358296929687
0.0000849358296929687
0.0000849358296929687
0.0000849358296929687
0.0000849358296929687
0.0000849358296929687
0.0000849358296929687
0.0000849358296929687
0.0000849358296929687
0.0000849358296929687
0.0000849358296929687
0.0000849358296929687
0.0000849358296929687
0.0000849358296929687
0.0000849358296929687
0.0000849358296929687
0.0000849358296929687
0.0000849358296929687
0.0000849358296929687
0.0000849358296929687
0.0000849358296929687
0.0000849358296929687
0.0000849358296929687
0.0000849358296929687
0.0000849358296929687
0.0000849358296929687
0.0000849358296929687
0.0000849358296929687
0.0000849358296929687
0.0000849358296929687
0.0000849358296929687
0.0000849358296929687
0.0000849358296929687
0.0000849358296929687
0.0000849358296929687
0.0000849358296929687
0.0000849358296929687
0.0000849358296929687
0.0000849358296929687
0.0000849358296929687
0.0000849358296929687
0.0000849358296929687
0.0000849358296929687
0.0000849358296929687
0.0000849358296929687
0.0000849358296929687
0.0000849358296929687
0.0000849358296929687
0.0000849358296929687
0.0000849358296929687
0.0000849358296929687
0.0000849358296929687
0.0000849358296929687
0.0000849358296929687
0.0000849358296929687
0.0000849358296929687
0.0000849358296929687
0.0000849358296929687
0.0000849358296929687
0.0000849358296929687
0.0000849358296929687
0.0000849358296929687
0.0000849358296929687
0.0000849358296929687
0.0000849358296929687
0.0000849358296929687
0.0000849358296929687
0.0000849358296929687
0.0000849358296929687
0.0000849358296929687
0.0000849358296929687
0.0000849358296929687
0.0000849358296929687
0.0000849358296929687
0.0000849358296929687
0.0000849358296929687
0.0000849358296929687
0.0000849358296929687
0.0000849358296929687
0.0000849358296929687
0.0000849358296929687
0.0000849358296929687
0.0000849358296929687
0.0000849358296929687
0.0000849358296929687
0.0000849358296929687
0.0000849358296929687
0.0000849358296929687
0.0000849358296929687
0.0000849358296929687
0.0000849358296929687
0.0000849358296929687
0.0000849358296929687
0.0000849358296929687
0.0000849358296929687
0.0000849358296929687
0.0000849358296929687
0.0000849358296929687
0.0000849358296929687
0.0000849358296929687
0.0000849358296929687
0.0000849358296929687
0.0000849358296929687
0.0000849358296929687
0.0000849358296929687
0.0000849358296929687
0.0000849358296929687
0.0000849358296929687
0.0000849358296929687
0.0000849358296929687
0.0000849358296929687
0.0000849358296929687
0.0000849358296929687
0.0000849358296929687
0.0000849358296929687
0.0000849358296929687
0.0000849358296929687
0.0000849358296929687
0.0000849358296929687
0.0000849358296929687
0.0000849358296929687
0.0000849358296929687
0.0000849358296929687
0.0000849358296929687
0.0000849358296929687
0.0000849358296929687
0.0000849358296929687
0.0000849358296929687
0.0000849358296929687
0.0000849358296929687
0.0000849358296929687
0.0000849358296929687
0.0000849358296929687
0.0000849358296929687
0.0000849358296929687
0.0000849358296929687
0.0000849358296929687
0.0000849358296929687
0.0000849358296929687
0.0000849358296929687
0.0000849358296929687
0.0000849358296929687
0.0000849358296929687
0.0000849358296929687
0.0000849358296929687
0.0000849358296929687
0.0000849358296929687
0.0000849358296929687
0.0000849358296929687
0.0000849358296929687
0.0000849358296929687
0.0000849358296929687
0.0000849358296929687
0.0000849358296929687
0.0000849358296929687
0.0000849358296929687
0.0000849358296929687
0.0000849358296929687
0.0000849358296929687
0.0000849358296929687
0.0000849358296929687
0.0000849358296929687
0.0000849358296929687
0.0000849358296929687
0.0000849358296929687
0.0000849358296929687
0.0000849358296929687
0.0000849358296929687
0.0000849358296929687
0.0000849358296929687
0.0000849358296929687
0.0000849358296929687
0.0000849358296929687
0.0000849358296929687
0.0000849358296929687
0.0000849358296929687
0.0000849358296929687
0.0000849358296929687
0.0000849358296929687
0.0000849358296929687
0.0000849358296929687
0.0000849358296929687
0.0000849358296929687
0.0000849358296929687
0.0000849358296929687
0.0000849358296929687
0.0000849358296929687
0.0000849358296929687
0.0000849358296929687
0.0000849358296929687
0.0000849358296929687
0.0000849358296929687
0.0000849358296929687
0.0000849358296929687
0.0000849358296929687
0.0000849358296929687
0.0000849358296929687
0.0000849358296929687
0.0000849358296929687
0.0000849358296929687
0.0000849358296929687
0.0000849358296929687
0.0000849358296929687
0.0000849358296929687
0.0000849358296929687
0.0000849358296929687
0.0000849358296929687
0.0000849358296929687
0.0000849358296929687
0.0000849358296929687
0.0000849358296929687
0.0000849358296929687
0.0000849358296929687
0.0000849358296929687
0.0000849358296929687
0.0000849358296929687
0.0000849358296929687
0.0000849358296929687
0.0000849358296929687
0.0000849358296929687
0.0000849358296929687
0.0000849358296929687
0.0000849358296929687
0.0000849358296929687
0.0000849358296929687
0.0000849358296929687
0.0000849358296929687
0.0000849358296929687
0.0000849358296929687
0.0000849358296929687
0.0000849358296929687
0.0000849358296929687
0.0000849358296929687
0.0000849358296929687
0.0000849358296929687
0.0000849358296929687
0.0000849358296929687
0.0000849358296929687
0.0000849358296929687
0.0000849358296929687
0.0000849358296929687
0.0000849358296929687
0.0000849358296929687
0.0000849358296929687
0.0000849358296929687
0.0000849358296929687
0.0000849358296929687
0.0000849358296929687
0.0000849358296929687
0.0000849358296929687
0.0000849358296929687
0.0000849358296929687
0.0000849358296929687
0.0000849358296929687
0.0000849358296929687
0.0000849358296929687
0.0000849358296929687
0.0000849358296929687
0.0000849358296929687
0.0000849358296929687
0.0000849358296929687
0.0000849358296929687
0.0000849358296929687
0.0000849358296929687
0.0000849358296929687
0.0000849358296929687
0.0000849358296929687
0.0000849358296929687
0.0000849358296929687
0.0000849358296929687
0.0000849358296929687
0.0000849358296929687
0.0000849358296929687
0.0000849358296929687
0.0000849358296929687
0.0000849358296929687
0.0000849358296929687
0.0000849358296929687
0.0000849358296929687
0.0000849358296929687
0.0000849358296929687
0.0000849358296929687
0.0000849358296929687
0.0000849358296929687
0.0000849358296929687
0.0000849358296929687
0.0000849358296929687
0.0000849358296929687
0.0000849358296929687
0.0000849358296929687
0.0000849358296929687
0.0000849358296929687
0.0000849358296929687
0.0000849358296929687
0.0000849358296929687
0.0000849358296929687
0.0000849358296929687
0.0000849358296929687
0.0000849358296929687
0.0000849358296929687
0.0000849358296929687
0.0000849358296929687
0.0000849358296929687
0.0000849358296929687
0.0000849358296929687
0.0000849358296929687
0.0000849358296929687
0.0000849358296929687
0.0000849358296929687
0.0000849358296929687
0.0000849358296929687
0.0000849358296929687
0.0000849358296929687
0.0000849358296929687
0.0000849358296929687
0.0000849358296929687
0.0000849358296929687
0.0000849358296929687
0.0000849358296929687
0.0000849358296929687
0.0000849358296929687
0.0000849358296929687
0.0000849358296929687
0.0000849358296929687
0.0000849358296929687
0.0000849358296929687
0.0000849358296929687
0.0000849358296929687
0.0000849358296929687
0.0000849358296929687
0.0000849358296929687
0.0000849358296929687
0.0000849358296929687
0.0000849358296929687
0.0000849358296929687
0.0000849358296929687
0.0000849358296929687
0.0000849358296929687
0.0000849358296929687
0.0000849358296929687
0.0000849358296929687
0.0000849358296929687
0.0000849358296929687
0.0000849358296929687
0.0000849358296929687
0.0000849358296929687
0.0000849358296929687
0.0000849358296929687
0.0000849358296929687
0.0000849358296929687
0.0000849358296929687
0.0000849358296929687
0.0000849358296929687
0.0000849358296929687
0.0000849358296929687
0.0000849358296929687
0.0000849358296929687
0.0000849358296929687
0.0000849358296929687
0.0000849358296929687
0.0000849358296929687
0.0000849358296929687
0.0000849358296929687
0.0000849358296929687
0.0000849358296929687
0.0000849358296929687
0.0000849358296929687
0.0000849358296929687
0.0000849358296929687
0.0000849358296929687
0.0000849358296929687
0.0000849358296929687
0.0000849358296929687
0.0000849358296929687
0.0000849358296929687
0.0000849358296929687
0.0000849358296929687
0.0000849358296929687
0.0000849358296929687
0.0000849358296929687
0.0000849358296929687
0.0000849358296929687
0.0000849358296929687
0.0000849358296929687
0.0000849358296929687
0.0000849358296929687
0.0000849358296929687
0.0000849358296929687
0.0000849358296929687
0.0000849358296929687
0.0000849358296929687
0.0000849358296929687
0.0000849358296929687
0.0000849358296929687
0.0000849358296929687
0.0000849358296929687
0.0000849358296929687
0.0000849358296929687
0.0000849358296929687
0.0000849358296929687
0.0000849358296929687
0.0000849358296929687
0.0000849358296929687
0.0000849358296929687
0.0000849358296929687
0.0000849358296929687
0.0000849358296929687
0.0000849358296929687
0.0000849358296929687
0.0000849358296929687
0.0000849358296929687
0.0000849358296929687
0.0000849358296929687
0.0000849358296929687
0.0000849358296929687
0.0000849358296929687
0.0000849358296929687
0.0000849358296929687
0.0000849358296929687
0.0000849358296929687
0.0000849358296929687
0.0000849358296929687
0.0000849358296929687
0.0000849358296929687
0.0000849358296929687
0.0000849358296929687
0.0000849358296929687
0.0000849358296929687
0.0000849358296929687
0.0000849358296929687
0.0000849358296929687
0.0000849358296929687
0.0000849358296929687
0.0000849358296929687
0.0000849358296929687
0.0000849358296929687
0.0000849358296929687
0.0000849358296929687
0.0000849358296929687
0.0000849358296929687
0.0000849358296929687
0.0000849358296929687
0.0000849358296929687
0.0000849358296929687
0.0000849358296929687
0.0000849358296929687
0.0000849358296929687
0.0000849358296929687
0.0000849358296929687
0.0000849358296929687
0.0000849358296929687
0.0000849358296929687
0.0000849358296929687
0.0000849358296929687
0.0000849358296929687
0.0000849358296929687
0.0000849358296929687
0.0000849358296929687
0.0000849358296929687
0.0000849358296929687
0.0000849358296929687
0.0000849358296929687
0.0000849358296929687
0.0000849358296929687
0.0000849358296929687
0.0000849358296929687
0.0000849358296929687
0.0000849358296929687
0.0000849358296929687
0.0000849358296929687
0.0000849358296929687
0.0000849358296929687
0.0000849358296929687
0.0000849358296929687
0.0000849358296929687
0.0000849358296929687
0.0000849358296929687
0.0000849358296929687
0.0000849358296929687
0.0000849358296929687
0.0000849358296929687
0.0000849358296929687
0.0000849358296929687
0.0000849358296929687
0.0000849358296929687
0.0000849358296929687
0.0000849358296929687
0.0000849358296929687
0.0000849358296929687
0.0000849358296929687
0.0000849358296929687
0.0000849358296929687
0.0000849358296929687
0.0000849358296929687
0.0000849358296929687
0.0000849358296929687
0.0000849358296929687
0.0000849358296929687
0.0000849358296929687
0.0000849358296929687
0.0000849358296929687
0.0000849358296929687
0.0000849358296929687
0.0000849358296929687
0.0000849358296929687
0.0000849358296929687
0.0000849358296929687
0.0000849358296929687
0.0000849358296929687
0.0000849358296929687
0.0000849358296929687
0.0000849358296929687
0.0000849358296929687
0.0000849358296929687
0.0000849358296929687
0.0000849358296929687
0.0000849358296929687
0.0000849358296929687
0.0000849358296929687
0.0000849358296929687
0.0000849358296929687
0.0000849358296929687
0.0000849358296929687
0.0000849358296929687
0.0000849358296929687
0.0000849358296929687
0.0000849358296929687
0.0000849358296929687
0.0000849358296929687
0.0000849358296929687
0.0000849358296929687
0.0000849358296929687
0.0000849358296929687
0.0000849358296929687
0.0000849358296929687
0.0000849358296929687
0.0000849358296929687
0.0000849358296929687
0.0000849358296929687
0.0000849358296929687
0.0000849358296929687
0.0000849358296929687
0.0000849358296929687
0.0000849358296929687
0.0000849358296929687
0.0000849358296929687
0.0000849358296929687
0.0000849358296929687
0.0000849358296929687
0.0000849358296929687
0.0000849358296929687
0.0000849358296929687
0.0000849358296929687
0.0000849358296929687
0.0000849358296929687
0.0000849358296929687
0.0000849358296929687
0.0000849358296929687
0.0000849358296929687
0.0000849358296929687
0.0000849358296929687
0.0000849358296929687
0.0000849358296929687
0.0000849358296929687
0.0000849358296929687
0.0000849358296929687
0.0000849358296929687
0.0000849358296929687
0.0000849358296929687
0.0000849358296929687
0.0000849358296929687
0.0000849358296929687
0.0000849358296929687
0.0000849358296929687
0.0000849358296929687
0.0000849358296929687
0.0000849358296929687
0.0000849358296929687
0.0000849358296929687
0.0000849358296929687
0.0000849358296929687
0.0000849358296929687
0.0000849358296929687
0.0000849358296929687
0.0000849358296929687
0.0000849358296929687
0.0000849358296929687
0.0000849358296929687
0.0000849358296929687
0.0000849358296929687
0.0000849358296929687
0.0000849358296929687
0.0000849358296929687
0.0000849358296929687
0.0000849358296929687
0.0000849358296929687
0.0000849358296929687
0.0000849358296929687
0.0000849358296929687
0.0000849358296929687
0.0000849358296929687
0.0000849358296929687
0.0000849358296929687
0.0000849358296929687
0.0000849358296929687
0.0000849358296929687
0.0000849358296929687
0.0000849358296929687
0.0000849358296929687
0.0000849358296929687
0.0000849358296929687
0.0000849358296929687
0.0000849358296929687
0.0000849358296929687
0.0000849358296929687
0.0000849358296929687
0.0000849358296929687
0.0000849358296929687
0.0000849358296929687
0.0000849358296929687
0.0000849358296929687
0.0000849358296929687
0.0000849358296929687
0.0000849358296929687
0.0000849358296929687
0.0000849358296929687
0.0000849358296929687
0.0000849358296929687
0.0000849358296929687
0.0000849358296929687
0.0000849358296929687
0.0000849358296929687
0.0000849358296929687
0.0000849358296929687
0.0000849358296929687
0.0000849358296929687
0.0000849358296929687
0.0000849358296929687
0.0000849358296929687
0.0000849358296929687
0.0000849358296929687
0.0000849358296929687
0.0000849358296929687
0.0000849358296929687
0.0000849358296929687
0.0000849358296929687
0.0000849358296929687
0.0000849358296929687
0.0000849358296929687
0.0000849358296929687
0.0000849358296929687
0.0000849358296929687
0.0000849358296929687
0.0000849358296929687
0.0000849358296929687
0.0000849358296929687
0.0000849358296929687
0.0000849358296929687
0.0000849358296929687
0.0000849358296929687
0.0000849358296929687
0.0000849358296929687
0.0000849358296929687
0.0000849358296929687
0.0000849358296929687
0.0000849358296929687
0.0000849358296929687
0.0000849358296929687
0.0000849358296929687
0.0000849358296929687
0.0000849358296929687
0.0000849358296929687
0.0000849358296929687
0.0000849358296929687
0.0000849358296929687
0.0000849358296929687
0.0000849358296929687
0.0000849358296929687
0.0000849358296929687
0.0000849358296929687
0.0000849358296929687
0.0000849358296929687
0.0000849358296929687
0.0000849358296929687
0.0000849358296929687
0.0000849358296929687
0.0000849358296929687
0.0000849358296929687
0.0000849358296929687
0.0000849358296929687
0.0000849358296929687
0.0000849358296929687
0.0000849358296929687
0.0000849358296929687
0.0000849358296929687
0.0000849358296929687
0.0000849358296929687
0.0000849358296929687
0.0000849358296929687
0.0000849358296929687
0.0000849358296929687
0.0000849358296929687
0.0000849358296929687
0.0000849358296929687
0.0000849358296929687
0.0000849358296929687
0.0000849358296929687
0.0000849358296929687
0.0000849358296929687
0.0000849358296929687
0.0000849358296929687
0.0000849358296929687
0.0000849358296929687
0.0000849358296929687
0.0000849358296929687
0.0000849358296929687
0.0000849358296929687
0.0000849358296929687
0.0000849358296929687
0.0000849358296929687
0.0000849358296929687
0.0000849358296929687
0.0000849358296929687
0.0000849358296929687
0.0000849358296929687
0.0000849358296929687
0.0000849358296929687
0.0000849358296929687
0.0000849358296929687
0.0000849358296929687
0.0000849358296929687
0.0000849358296929687
0.0000849358296929687
0.0000849358296929687
0.0000849358296929687
0.0000849358296929687
0.0000849358296929687
0.0000849358296929687
0.0000849358296929687
0.0000849358296929687
0.0000849358296929687
0.0000849358296929687
0.0000849358296929687
0.0000849358296929687
0.0000849358296929687
0.0000849358296929687
0.0000849358296929687
0.0000849358296929687
0.0000849358296929687
0.0000849358296929687
0.0000849358296929687
0.0000849358296929687
0.0000849358296929687
0.0000849358296929687
0.0000849358296929687
0.0000849358296929687
0.0000849358296929687
0.0000849358296929687
0.0000849358296929687
0.0000849358296929687
0.0000849358296929687
0.0000849358296929687
0.0000849358296929687
0.0000849358296929687
0.0000849358296929687
0.0000849358296929687
0.0000849358296929687
0.0000849358296929687
0.0000849358296929687
0.0000849358296929687
0.0000849358296929687
0.0000849358296929687
0.0000849358296929687
0.0000849358296929687
0.0000849358296929687
0.0000849358296929687
0.0000849358296929687
0.0000849358296929687
0.0000849358296929687
0.0000849358296929687
0.0000849358296929687
0.0000849358296929687
0.0000849358296929687
0.0000849358296929687
0.0000849358296929687
0.0000849358296929687
0.0000849358296929687
0.0000849358296929687
0.0000849358296929687
0.0000849358296929687
0.0000849358296929687
0.0000849358296929687
0.0000849358296929687
0.0000849358296929687
0.0000849358296929687
0.0000849358296929687
0.0000849358296929687
